Traditional Folk:                    0.9 : 9
Spiritual:                           0.9 : 9
Folk-Pop:                            0.7999999999999999 : 8
Motivation:                          0.7000000000000001 : 7
Calm/Peaceful:                       0.6000000000000001 : 6
Pastoral:                            0.6000000000000001 : 6
Precious:                            0.6000000000000001 : 6
Refined:                             0.6000000000000001 : 6
Sentimental:                         0.6000000000000001 : 6
Soothing:                            0.6000000000000001 : 6
Warm:                                0.6000000000000001 : 6
Affection/Fondness:                  0.6000000000000001 : 6
Affirmation:                         0.6000000000000001 : 6
Empowering:                          0.6000000000000001 : 6
Amiable/Good-Natured:                0.5000000000000001 : 5
Gentle:                              0.5000000000000001 : 5
Poignant:                            0.5000000000000001 : 5
Relaxed:                             0.5000000000000001 : 5
Nocturnal:                           0.1 : 1
Sad:                                 0.1 : 1
Weary:                               0.1 : 1
Night Driving:                       0.1 : 1
Regret:                              0.1 : 1
Travel:                              0.1 : 1
