Sketch Comedy:                       0.9000000000000001 : 9
Standup Comedy:                      0.9000000000000001 : 9
Amiable/Good-Natured:                0.9000000000000001 : 9
Confident:                           0.9000000000000001 : 9
Swaggering:                          0.9000000000000001 : 9
Urgent:                              0.9000000000000001 : 9
Hanging Out:                         0.9000000000000001 : 9
Partying:                            0.9000000000000001 : 9
Playful:                             0.9000000000000001 : 9
Comedy:                              0.7400000000000001 : 8
Spoken Comedy:                       0.7400000000000001 : 8
Confrontational:                     0.7400000000000001 : 8
Exuberant:                           0.7400000000000001 : 8
Irreverent:                          0.7400000000000001 : 8
Brash:                               0.58 : 7
Fun:                                 0.58 : 7
Literate:                            0.58 : 7
Whimsical:                           0.58 : 7
Eccentric:                           0.42000000000000004 : 6
Campy:                               0.26 : 5
Lively:                              0.26 : 5
Playful_mood:                        0.26 : 5
Snide:                               0.26 : 5
Bravado:                             0.1 : 4
Humorous:                            0.1 : 4
Silly:                               0.1 : 4
