Observational Humor:                 0.8999999999999999 : 9
Standup Comedy:                      0.8999999999999999 : 9
Cerebral:                            0.8999999999999999 : 9
Cynical/Sarcastic:                   0.8999999999999999 : 9
Earnest:                             0.8999999999999999 : 9
Eccentric:                           0.8999999999999999 : 9
Humorous:                            0.8999999999999999 : 9
Ironic:                              0.8999999999999999 : 9
Quirky:                              0.8999999999999999 : 9
Refined:                             0.8999999999999999 : 9
Reflective:                          0.8999999999999999 : 9
Sophisticated:                       0.8999999999999999 : 9
Wry:                                 0.8999999999999999 : 9
Mischievous:                         0.8999999999999999 : 9
Comedy:                              0.7000000000000001 : 8
Playful_mood:                        0.5000000000000001 : 7
Silly:                               0.5000000000000001 : 7
Witty:                               0.5000000000000001 : 7
Political Comedy:                    0.29999999999999993 : 6
Relaxed:                             0.29999999999999993 : 6
Hanging Out:                         0.29999999999999993 : 6
Literate:                            0.1 : 5
Self-Conscious:                      0.1 : 5
Playful:                             0.1 : 5
The Creative Side:                   0.1 : 5
