Bright:                              0.9 : 9
Energetic:                           0.9 : 9
Exuberant:                           0.9 : 9
Joyous:                              0.9 : 9
Playful_mood:                        0.9 : 9
Motown:                              0.7000000000000001 : 8
Soul:                                0.7000000000000001 : 8
Gritty:                              0.7000000000000001 : 8
Lively:                              0.7000000000000001 : 8
Summery:                             0.7000000000000001 : 8
Picnic:                              0.7000000000000001 : 8
Summer:                              0.7000000000000001 : 8
Amiable/Good-Natured:                0.5000000000000001 : 7
Carefree:                            0.5000000000000001 : 7
Confident:                           0.5000000000000001 : 7
Effervescent:                        0.5000000000000001 : 7
Fun:                                 0.5000000000000001 : 7
Irreverent:                          0.5000000000000001 : 7
Laid-Back/Mellow:                    0.5000000000000001 : 7
Rousing:                             0.5000000000000001 : 7
Playful:                             0.5000000000000001 : 7
Aggressive:                          0.30000000000000016 : 6
Cheerful:                            0.30000000000000016 : 6
Happy:                               0.30000000000000016 : 6
Plaintive:                           0.30000000000000016 : 6
Pop-Soul:                            0.1 : 5
Passionate:                          0.1 : 5
Heartache:                           0.1 : 5
Partying:                            0.1 : 5
TGIF:                                0.1 : 5
