Folk-Blues:                          0.9000000000000001 : 8
Folksongs:                           0.9000000000000001 : 8
Organic:                             0.9000000000000001 : 8
Feeling Blue:                        0.9000000000000001 : 8
Rollicking:                          0.6333333333333334 : 7
Rousing:                             0.6333333333333334 : 7
Earnest:                             0.3666666666666668 : 6
Earthy:                              0.3666666666666668 : 6
Intimate:                            0.3666666666666668 : 6
Passionate:                          0.3666666666666668 : 6
Plaintive:                           0.3666666666666668 : 6
Yearning:                            0.3666666666666668 : 6
Acoustic Blues:                      0.1 : 5
Songster:                            0.1 : 5
Loss/Grief:                          0.1 : 5
