Orchestral/Easy Listening:           0.9000000000000001 : 8
Gentle:                              0.9000000000000001 : 8
Amiable/Good-Natured:                0.6999999999999998 : 7
Calm/Peaceful:                       0.6999999999999998 : 7
Cheerful:                            0.6999999999999998 : 7
Reflective:                          0.6999999999999998 : 7
Romantic:                            0.6999999999999998 : 7
Sentimental:                         0.6999999999999998 : 7
Smooth:                              0.6999999999999998 : 7
Soothing:                            0.6999999999999998 : 7
Sophisticated:                       0.6999999999999998 : 7
Dinner Ambiance:                     0.6999999999999998 : 7
Romantic Evening:                    0.6999999999999998 : 7
Slow Dance:                          0.6999999999999998 : 7
Summer:                              0.6999999999999998 : 7
Laid-Back/Mellow:                    0.4999999999999999 : 6
Restrained:                          0.4999999999999999 : 6
Sunday Afternoon:                    0.4999999999999999 : 6
Intimate:                            0.29999999999999993 : 5
Relaxation:                          0.1 : 4
