Salsa:                               0.9000000000000001 : 9
Boisterous:                          0.9000000000000001 : 9
Brassy:                              0.9000000000000001 : 9
Celebratory:                         0.9000000000000001 : 9
Confident:                           0.9000000000000001 : 9
Exciting:                            0.9000000000000001 : 9
Exuberant:                           0.9000000000000001 : 9
Fiery:                               0.9000000000000001 : 9
Lively:                              0.9000000000000001 : 9
Passionate:                          0.9000000000000001 : 9
Raucous:                             0.9000000000000001 : 9
Rousing:                             0.9000000000000001 : 9
Sophisticated:                       0.9000000000000001 : 9
Spicy:                               0.9000000000000001 : 9
Street-Smart:                        0.9000000000000001 : 9
Stylish:                             0.9000000000000001 : 9
Summery:                             0.9000000000000001 : 9
Celebration:                         0.9000000000000001 : 9
Partying:                            0.9000000000000001 : 9
Summer:                              0.9000000000000001 : 9
Tropical:                            0.1 : 5
