Club/Dance:                          0.9000000000000001 : 9
Urban:                               0.9000000000000001 : 9
Bright:                              0.9000000000000001 : 9
Energetic:                           0.9000000000000001 : 9
Sweet:                               0.9000000000000001 : 9
Warm:                                0.9000000000000001 : 9
Partying:                            0.9000000000000001 : 9
Summer:                              0.9000000000000001 : 9
TGIF:                                0.9000000000000001 : 9
Summery:                             0.8 : 8
Amiable/Good-Natured:                0.7 : 7
Joyous:                              0.7 : 7
Happy:                               0.6 : 6
Lively:                              0.6 : 6
Smooth:                              0.6 : 6
Soothing:                            0.6 : 6
Slick:                               0.5000000000000001 : 5
Sophisticated:                       0.5000000000000001 : 5
Light:                               0.4 : 4
Playful_mood:                        0.4 : 4
Post-Disco:                          0.1 : 1
