Exotica:                             0.9000000000000001 : 8
Lounge:                              0.9000000000000001 : 8
Amiable/Good-Natured:                0.6333333333333333 : 7
Cheerful:                            0.6333333333333333 : 7
Exuberant:                           0.6333333333333333 : 7
Lush:                                0.6333333333333333 : 7
Organic:                             0.6333333333333333 : 7
Playful_mood:                        0.6333333333333333 : 7
Soothing:                            0.6333333333333333 : 7
Summery:                             0.6333333333333333 : 7
Warm:                                0.6333333333333333 : 7
At the Beach:                        0.1 : 5
Dinner Ambiance:                     0.1 : 5
Pool Party:                          0.1 : 5
Summer:                              0.1 : 5
Vacation:                            0.1 : 5
