Big Band:                            0.8999999999999999 : 9
Bright:                              0.8999999999999999 : 9
Dramatic:                            0.8999999999999999 : 9
Exciting:                            0.8999999999999999 : 9
Lively:                              0.8999999999999999 : 9
Road Trip:                           0.8999999999999999 : 9
Orchestral Jazz:                     0.7000000000000001 : 8
Progressive Big Band:                0.7000000000000001 : 8
Progressive Jazz:                    0.7000000000000001 : 8
Complex:                             0.7000000000000001 : 8
Energetic:                           0.7000000000000001 : 8
Manic:                               0.7000000000000001 : 8
Boisterous:                          0.5000000000000001 : 7
Rollicking:                          0.5000000000000001 : 7
Sparkling:                           0.5000000000000001 : 7
Urgent:                              0.5000000000000001 : 7
Day Driving:                         0.5000000000000001 : 7
Aggressive:                          0.29999999999999993 : 6
Brassy:                              0.29999999999999993 : 6
Cheerful:                            0.29999999999999993 : 6
Confident:                           0.29999999999999993 : 6
Rousing:                             0.29999999999999993 : 6
Smooth:                              0.29999999999999993 : 6
Theatrical:                          0.29999999999999993 : 6
Summery:                             0.1 : 5
