Southern Rap:                        0.9 : 9
Partying:                            0.9 : 9
Alternative Rap:                     0.7000000000000001 : 8
Aggressive:                          0.7000000000000001 : 8
Brash:                               0.7000000000000001 : 8
Campy:                               0.7000000000000001 : 8
Rousing:                             0.7000000000000001 : 8
Hardcore Rap:                        0.5 : 7
Energetic:                           0.5 : 7
Fun:                                 0.5 : 7
Happy:                               0.5 : 7
Urgent:                              0.5 : 7
Visceral:                            0.5 : 7
Dirty South:                         0.30000000000000004 : 6
Exciting:                            0.30000000000000004 : 6
Intense:                             0.30000000000000004 : 6
Street-Smart:                        0.30000000000000004 : 6
Warm:                                0.30000000000000004 : 6
Reckless:                            0.1 : 5
