Acoustic Chicago Blues:              0.9000000000000001 : 9
Regional Blues:                      0.9000000000000001 : 9
Confrontational:                     0.9000000000000001 : 9
Acoustic Blues:                      0.7666666666666666 : 8
Blues Revival:                       0.7666666666666666 : 8
Country Blues:                       0.7666666666666666 : 8
Confident:                           0.7666666666666666 : 8
Organic:                             0.7666666666666666 : 8
Sunday Afternoon:                    0.7666666666666666 : 8
Brash:                               0.6333333333333333 : 7
Relaxation:                          0.6333333333333333 : 7
Street-Smart:                        0.5000000000000001 : 6
Earthy:                              0.3666666666666667 : 5
Passionate:                          0.3666666666666667 : 5
Gritty:                              0.23333333333333334 : 4
Uncompromising:                      0.1 : 3
