Contemporary Reggae:                 0.9 : 9
Reggae-Pop:                          0.9 : 9
Dancehall:                           0.6333333333333334 : 8
Provocative:                         0.6333333333333334 : 8
Street-Smart:                        0.6333333333333334 : 8
Swaggering:                          0.6333333333333334 : 8
Cool & Cocky:                        0.6333333333333334 : 8
Guys Night Out:                      0.6333333333333334 : 8
Partying:                            0.6333333333333334 : 8
Dramatic:                            0.3666666666666666 : 7
Gritty:                              0.3666666666666666 : 7
Ominous:                             0.3666666666666666 : 7
Lively:                              0.1 : 6
