Contemporary Instrumental:           0.9 : 9
Solo Instrumental:                   0.9 : 9
Calm/Peaceful:                       0.7666666666666666 : 8
Ethereal:                            0.7666666666666666 : 8
Laid-Back/Mellow:                    0.7666666666666666 : 8
Refined:                             0.7666666666666666 : 8
Reserved:                            0.7666666666666666 : 8
Soothing:                            0.7666666666666666 : 8
Spiritual:                           0.7666666666666666 : 8
Atmospheric:                         0.6333333333333333 : 7
Austere:                             0.6333333333333333 : 7
Eerie:                               0.6333333333333333 : 7
Hypnotic:                            0.6333333333333333 : 7
Nocturnal:                           0.6333333333333333 : 7
Healing:                             0.5000000000000001 : 6
Meditation/Relaxation:               0.5000000000000001 : 6
Ethnic Fusion:                       0.1 : 3
