Hard Bop:                            0.9000000000000001 : 9
Post-Bop:                            0.9000000000000001 : 9
Progressive Big Band:                0.9000000000000001 : 9
Progressive Jazz:                    0.9000000000000001 : 9
Boisterous:                          0.9000000000000001 : 9
Lively:                              0.9000000000000001 : 9
Rambunctious:                        0.9000000000000001 : 9
Rebellious:                          0.9000000000000001 : 9
Rowdy:                               0.9000000000000001 : 9
Volatile:                            0.9000000000000001 : 9
Celebration:                         0.9000000000000001 : 9
Freedom:                             0.9000000000000001 : 9
Maverick:                            0.9000000000000001 : 9
The Creative Side:                   0.9000000000000001 : 9
Victory:                             0.9000000000000001 : 9
Aggressive:                          0.7000000000000001 : 8
Bright:                              0.7000000000000001 : 8
Earnest:                             0.7000000000000001 : 8
Fiery:                               0.7000000000000001 : 8
Gutsy:                               0.7000000000000001 : 8
Passionate:                          0.7000000000000001 : 8
Urgent:                              0.7000000000000001 : 8
Gritty:                              0.5000000000000001 : 7
Street-Smart:                        0.5000000000000001 : 7
Swaggering:                          0.5000000000000001 : 7
Earthy:                              0.29999999999999993 : 6
Greasy:                              0.29999999999999993 : 6
Rollicking:                          0.29999999999999993 : 6
Affirmation:                         0.29999999999999993 : 6
Revolutionary:                       0.29999999999999993 : 6
Celebratory:                         0.1 : 5
Energetic:                           0.1 : 5
Enigmatic:                           0.1 : 5
Exuberant:                           0.1 : 5
Freewheeling:                        0.1 : 5
Joyous:                              0.1 : 5
Raucous:                             0.1 : 5
Rousing:                             0.1 : 5
Spicy:                               0.1 : 5
Spiritual:                           0.1 : 5
Visceral:                            0.1 : 5
