Children's Folk:                     0.9 : 8
Amiable/Good-Natured:                0.9 : 8
Cheerful:                            0.9 : 8
Bright:                              0.6333333333333333 : 7
Gentle:                              0.6333333333333333 : 7
Playful_mood:                        0.6333333333333333 : 7
Relaxed:                             0.6333333333333333 : 7
Whimsical:                           0.6333333333333333 : 7
Hanging Out:                         0.6333333333333333 : 7
Carefree:                            0.3666666666666668 : 6
Fun:                                 0.3666666666666668 : 6
Laid-Back/Mellow:                    0.3666666666666668 : 6
Sweet:                               0.3666666666666668 : 6
Playful:                             0.3666666666666668 : 6
Sing-Alongs:                         0.1 : 5
Organic:                             0.1 : 5
Family Gatherings:                   0.1 : 5
