Hedonistic:                          0.9 : 9
Swaggering:                          0.9 : 9
East Coast Rap:                      0.6999999999999998 : 8
Brash:                               0.6999999999999998 : 8
Confident:                           0.6999999999999998 : 8
Street-Smart:                        0.6999999999999998 : 8
Thuggish:                            0.6999999999999998 : 8
Cool & Cocky:                        0.6999999999999998 : 8
Guys Night Out:                      0.6999999999999998 : 8
Boisterous:                          0.4999999999999999 : 7
Bravado:                             0.4999999999999999 : 7
Rousing:                             0.29999999999999993 : 6
Lively:                              0.1 : 5
Rambunctious:                        0.1 : 5
