Torch Songs:                         0.9 : 9
Bittersweet:                         0.9 : 9
Brooding:                            0.9 : 9
Gloomy:                              0.9 : 9
Nocturnal:                           0.9 : 9
Feeling Blue:                        0.9 : 9
Heartache:                           0.9 : 9
Romantic Evening:                    0.9 : 9
Traditional Pop:                     0.7000000000000001 : 8
Vocal Pop:                           0.7000000000000001 : 8
Melancholy:                          0.7000000000000001 : 8
Regret:                              0.7000000000000001 : 8
Dramatic:                            0.5000000000000001 : 7
Ominous:                             0.5000000000000001 : 7
Poignant:                            0.5000000000000001 : 7
Restrained:                          0.5000000000000001 : 7
Stylish:                             0.5000000000000001 : 7
Warm:                                0.5000000000000001 : 7
Weary:                               0.5000000000000001 : 7
Autumn:                              0.5000000000000001 : 7
Breakup:                             0.5000000000000001 : 7
Solitude:                            0.5000000000000001 : 7
Vocal Jazz:                          0.30000000000000016 : 6
Indulgent:                           0.30000000000000016 : 6
Intimate:                            0.30000000000000016 : 6
Somber:                              0.30000000000000016 : 6
Bitter:                              0.1 : 5
Eerie:                               0.1 : 5
Ethereal:                            0.1 : 5
Yearning:                            0.1 : 5
