Folk-Pop:                            0.9 : 9
Traditional Folk:                    0.9 : 9
Wistful:                             0.6999999999999998 : 8
Yearning:                            0.6999999999999998 : 8
Motivation:                          0.5 : 7
Calm/Peaceful:                       0.29999999999999993 : 6
Pastoral:                            0.29999999999999993 : 6
Precious:                            0.29999999999999993 : 6
Refined:                             0.29999999999999993 : 6
Sentimental:                         0.29999999999999993 : 6
Soothing:                            0.29999999999999993 : 6
Warm:                                0.29999999999999993 : 6
Affirmation:                         0.29999999999999993 : 6
Empowering:                          0.29999999999999993 : 6
Amiable/Good-Natured:                0.1 : 5
Gentle:                              0.1 : 5
Poignant:                            0.1 : 5
Relaxed:                             0.1 : 5
