Album Rock:                          0.9000000000000001 : 9
Contemporary Pop/Rock:               0.9000000000000001 : 9
Ambitious:                           0.9000000000000001 : 9
Bittersweet:                         0.9000000000000001 : 9
Campy:                               0.9000000000000001 : 9
Dramatic:                            0.9000000000000001 : 9
Eccentric:                           0.9000000000000001 : 9
Elaborate:                           0.9000000000000001 : 9
Epic:                                0.9000000000000001 : 9
Freewheeling:                        0.9000000000000001 : 9
Indulgent:                           0.9000000000000001 : 9
Lush:                                0.9000000000000001 : 9
Playful_mood:                        0.9000000000000001 : 9
Quirky:                              0.9000000000000001 : 9
Rousing:                             0.9000000000000001 : 9
Silly:                               0.9000000000000001 : 9
Sprawling:                           0.9000000000000001 : 9
Theatrical:                          0.9000000000000001 : 9
Volatile:                            0.9000000000000001 : 9
Playful:                             0.9000000000000001 : 9
Sophisticated:                       0.7 : 7
Whimsical:                           0.7 : 7
Humorous:                            0.6 : 6
Exuberant:                           0.5000000000000001 : 5
Outrageous:                          0.5000000000000001 : 5
Plaintive:                           0.5000000000000001 : 5
Stylish:                             0.5000000000000001 : 5
Warm:                                0.5000000000000001 : 5
Wistful:                             0.5000000000000001 : 5
Yearning:                            0.5000000000000001 : 5
Feeling Blue:                        0.5000000000000001 : 5
Reminiscing:                         0.5000000000000001 : 5
Road Trip:                           0.5000000000000001 : 5
British Metal:                       0.3 : 3
Heavy Metal:                         0.3 : 3
Art Rock:                            0.1 : 1
Prog-Rock:                           0.1 : 1
Glam Rock:                           0.1 : 1
Hard Rock:                           0.1 : 1
The Creative Side:                   0.1 : 1
