Modern Electric Blues:               0.9 : 8
Soul-Blues:                          0.9 : 8
Urban Blues:                         0.9 : 8
Earthy:                              0.9 : 8
Passionate:                          0.9 : 8
Boisterous:                          0.7000000000000001 : 7
Energetic:                           0.5 : 6
Playful_mood:                        0.30000000000000004 : 5
Rousing:                             0.30000000000000004 : 5
Stylish:                             0.30000000000000004 : 5
Swaggering:                          0.30000000000000004 : 5
Cool & Cocky:                        0.30000000000000004 : 5
Drinking:                            0.30000000000000004 : 5
Freedom:                             0.30000000000000004 : 5
Hanging Out:                         0.30000000000000004 : 5
Late Night:                          0.30000000000000004 : 5
Night Driving:                       0.30000000000000004 : 5
Road Trip:                           0.30000000000000004 : 5
Rollicking:                          0.1 : 4
