Contemporary Folk:                   0.9000000000000001 : 8
Contemporary Singer/Songwriter:      0.9000000000000001 : 8
Folk Revival:                        0.9000000000000001 : 8
Refined:                             0.9000000000000001 : 8
Solitude:                            0.9000000000000001 : 8
Literate:                            0.1 : 7
Melancholy:                          0.1 : 7
Poignant:                            0.1 : 7
Reflective:                          0.1 : 7
