Amiable/Good-Natured:                0.9000000000000001 : 9
Romantic:                            0.9000000000000001 : 9
Sentimental:                         0.9000000000000001 : 9
Soothing:                            0.9000000000000001 : 9
Dinner Ambiance:                     0.9000000000000001 : 9
Relaxation:                          0.9000000000000001 : 9
Romantic Evening:                    0.9000000000000001 : 9
Contemporary Country:                0.7 : 8
Earnest:                             0.7 : 8
Reflective:                          0.7 : 8
Yearning:                            0.7 : 8
New Traditionalist:                  0.5000000000000001 : 7
Earthy:                              0.5000000000000001 : 7
Refined:                             0.5000000000000001 : 7
Self-Conscious:                      0.5000000000000001 : 7
Smooth:                              0.5000000000000001 : 7
Warm:                                0.5000000000000001 : 7
Intimate:                            0.30000000000000004 : 6
Plaintive:                           0.30000000000000004 : 6
Innocent:                            0.1 : 5
Relaxed:                             0.1 : 5
