Roots Reggae:                        0.9000000000000001 : 8
Organic:                             0.9000000000000001 : 8
Summery:                             0.9000000000000001 : 8
Laid-Back/Mellow:                    0.6999999999999998 : 7
Smooth:                              0.6999999999999998 : 7
Poignant:                            0.4999999999999999 : 6
Summer:                              0.4999999999999999 : 6
Druggy:                              0.29999999999999993 : 5
Hypnotic:                            0.29999999999999993 : 5
Earthy:                              0.1 : 4
