Chicago Blues:                       0.9000000000000001 : 9
Greasy:                              0.9000000000000001 : 9
Laid-Back/Mellow:                    0.9000000000000001 : 9
Relaxed:                             0.9000000000000001 : 9
Soothing:                            0.9000000000000001 : 9
Relaxation:                          0.9000000000000001 : 9
Summer:                              0.9000000000000001 : 9
Electric Blues:                      0.7000000000000001 : 8
Electric Chicago Blues:              0.7000000000000001 : 8
Electric Harmonica Blues:            0.7000000000000001 : 8
Regional Blues:                      0.7000000000000001 : 8
Carefree:                            0.7000000000000001 : 8
Gritty:                              0.7000000000000001 : 8
Organic:                             0.7000000000000001 : 8
Playful_mood:                        0.7000000000000001 : 8
Lazy:                                0.4999999999999999 : 7
Passionate:                          0.29999999999999993 : 6
Earthy:                              0.1 : 5
Night Driving:                       0.1 : 5
Road Trip:                           0.1 : 5
