Club/Dance:                          0.9 : 9
Jungle/Drum'n'Bass:                  0.9 : 9
Energetic:                           0.9 : 9
Exciting:                            0.9 : 9
Club:                                0.9 : 9
Intense:                             0.7666666666666666 : 8
Hypnotic:                            0.6333333333333333 : 7
Night Driving:                       0.6333333333333333 : 7
Ambitious:                           0.5000000000000001 : 6
Complex:                             0.5000000000000001 : 6
Rousing:                             0.5000000000000001 : 6
Sophisticated:                       0.5000000000000001 : 6
Late Night:                          0.5000000000000001 : 6
Lively:                              0.3666666666666667 : 5
Restrained:                          0.23333333333333334 : 4
Partying:                            0.23333333333333334 : 4
Dreamy:                              0.1 : 3
