Big Band:                            0.9000000000000001 : 9
Dramatic:                            0.9000000000000001 : 9
Earthy:                              0.9000000000000001 : 9
Ethereal:                            0.9000000000000001 : 9
Indulgent:                           0.9000000000000001 : 9
Intense:                             0.9000000000000001 : 9
Light:                               0.9000000000000001 : 9
Lively:                              0.9000000000000001 : 9
Lush:                                0.9000000000000001 : 9
Nocturnal:                           0.9000000000000001 : 9
Organic:                             0.9000000000000001 : 9
Passionate:                          0.9000000000000001 : 9
Poignant:                            0.9000000000000001 : 9
Provocative:                         0.9000000000000001 : 9
Romantic:                            0.9000000000000001 : 9
Sophisticated:                       0.9000000000000001 : 9
Visceral:                            0.9000000000000001 : 9
Warm:                                0.9000000000000001 : 9
Whimsical:                           0.9000000000000001 : 9
Dinner Ambiance:                     0.9000000000000001 : 9
In Love:                             0.9000000000000001 : 9
Late Night:                          0.9000000000000001 : 9
Night Driving:                       0.9000000000000001 : 9
Relaxation:                          0.9000000000000001 : 9
Reminiscing:                         0.9000000000000001 : 9
Romantic Evening:                    0.9000000000000001 : 9
Seduction:                           0.9000000000000001 : 9
Summer:                              0.9000000000000001 : 9
The Creative Side:                   0.9000000000000001 : 9
Atmospheric:                         0.7666666666666666 : 8
Dreamy:                              0.7666666666666666 : 8
Hypnotic:                            0.7666666666666666 : 8
Stately:                             0.7666666666666666 : 8
Theatrical:                          0.7666666666666666 : 8
Anniversary:                         0.7666666666666666 : 8
Bright:                              0.6333333333333333 : 7
Freewheeling:                        0.6333333333333333 : 7
Affection/Fondness:                  0.6333333333333333 : 7
Early Jazz:                          0.5000000000000001 : 6
Swing:                               0.5000000000000001 : 6
Ambitious:                           0.5000000000000001 : 6
Enigmatic:                           0.5000000000000001 : 6
Intimate:                            0.5000000000000001 : 6
Sensual:                             0.5000000000000001 : 6
Smooth:                              0.5000000000000001 : 6
Sparkling:                           0.5000000000000001 : 6
Summery:                             0.5000000000000001 : 6
Amiable/Good-Natured:                0.3666666666666667 : 5
Elaborate:                           0.3666666666666667 : 5
Elegant:                             0.3666666666666667 : 5
Innocent:                            0.3666666666666667 : 5
Knotty:                              0.3666666666666667 : 5
Literate:                            0.3666666666666667 : 5
Refined:                             0.3666666666666667 : 5
Reflective:                          0.3666666666666667 : 5
Sentimental:                         0.3666666666666667 : 5
Stylish:                             0.3666666666666667 : 5
Orchestral Jazz:                     0.23333333333333334 : 4
Complex:                             0.23333333333333334 : 4
Confident:                           0.23333333333333334 : 4
Relaxed:                             0.23333333333333334 : 4
Progressive Big Band:                0.1 : 3
Progressive Jazz:                    0.1 : 3
