Delicate:                            0.9 : 9
Plaintive:                           0.9 : 9
Poignant:                            0.9 : 9
Traditional Pop:                     0.7000000000000001 : 8
Vocal Pop:                           0.7000000000000001 : 8
Amiable/Good-Natured:                0.7000000000000001 : 8
Elegant:                             0.7000000000000001 : 8
Gentle:                              0.7000000000000001 : 8
Lush:                                0.7000000000000001 : 8
Romantic:                            0.7000000000000001 : 8
Sentimental:                         0.7000000000000001 : 8
Soothing:                            0.7000000000000001 : 8
Sweet:                               0.7000000000000001 : 8
In Love:                             0.7000000000000001 : 8
New Love:                            0.7000000000000001 : 8
Romantic Evening:                    0.7000000000000001 : 8
Slow Dance:                          0.7000000000000001 : 8
Dramatic:                            0.5000000000000001 : 7
Innocent:                            0.5000000000000001 : 7
Springlike:                          0.5000000000000001 : 7
Dinner Ambiance:                     0.5000000000000001 : 7
Seduction:                           0.5000000000000001 : 7
Calm/Peaceful:                       0.30000000000000016 : 6
Reserved:                            0.30000000000000016 : 6
Smooth:                              0.30000000000000016 : 6
Warm:                                0.30000000000000016 : 6
Comfort:                             0.30000000000000016 : 6
Relaxation:                          0.30000000000000016 : 6
Intimate:                            0.1 : 5
Restrained:                          0.1 : 5
