Amiable/Good-Natured:                0.9000000000000001 : 8
Earnest:                             0.9000000000000001 : 8
Literate:                            0.9000000000000001 : 8
Laid-Back/Mellow:                    0.6333333333333334 : 7
Empowering:                          0.6333333333333334 : 7
Family Gatherings:                   0.6333333333333334 : 7
Hanging Out:                         0.6333333333333334 : 7
Cheerful:                            0.3666666666666668 : 6
Gentle:                              0.3666666666666668 : 6
Lively:                              0.3666666666666668 : 6
Soothing:                            0.3666666666666668 : 6
Playful:                             0.3666666666666668 : 6
Children's Folk:                     0.1 : 5
Sing-Alongs:                         0.1 : 5
The Creative Side:                   0.1 : 5
