Torch Songs:                         0.9000000000000001 : 8
Vocal Pop:                           0.9000000000000001 : 8
Calm/Peaceful:                       0.9000000000000001 : 8
Delicate:                            0.9000000000000001 : 8
Melancholy:                          0.9000000000000001 : 8
Nocturnal:                           0.9000000000000001 : 8
Sensual:                             0.9000000000000001 : 8
Feeling Blue:                        0.9000000000000001 : 8
Heartache:                           0.9000000000000001 : 8
Late Night:                          0.9000000000000001 : 8
Elegant:                             0.7 : 7
Bittersweet:                         0.5000000000000001 : 6
Gentle:                              0.5000000000000001 : 6
Intimate:                            0.5000000000000001 : 6
Soft/Quiet:                          0.5000000000000001 : 6
Rainy Day:                           0.5000000000000001 : 6
Guitar Jazz:                         0.30000000000000004 : 5
Jazz Instrument:                     0.30000000000000004 : 5
Vocal Jazz:                          0.30000000000000004 : 5
Wistful:                             0.30000000000000004 : 5
Laid-Back/Mellow:                    0.1 : 4
