Comedy:                              0.9 : 8
Sketch Comedy:                       0.9 : 8
Humorous:                            0.5000000000000002 : 7
Swaggering:                          0.5000000000000002 : 7
Cool & Cocky:                        0.5000000000000002 : 7
Mischievous:                         0.5000000000000002 : 7
