Traditional Pop:                     0.9 : 9
Bittersweet:                         0.9 : 9
Melancholy:                          0.9 : 9
Comfort:                             0.9 : 9
Sweet Dreams:                        0.9 : 9
Harmony Vocal Group:                 0.6333333333333333 : 8
Vocal Pop:                           0.6333333333333333 : 8
Delicate:                            0.6333333333333333 : 8
Laid-Back/Mellow:                    0.6333333333333333 : 8
Nocturnal:                           0.6333333333333333 : 8
Refined:                             0.6333333333333333 : 8
Soft/Quiet:                          0.6333333333333333 : 8
Warm:                                0.6333333333333333 : 8
Wistful:                             0.6333333333333333 : 8
Feeling Blue:                        0.6333333333333333 : 8
Reminiscing:                         0.6333333333333333 : 8
Early R&B:                           0.3666666666666668 : 7
Dreamy:                              0.3666666666666668 : 7
Gentle:                              0.3666666666666668 : 7
Innocent:                            0.3666666666666668 : 7
Precious:                            0.3666666666666668 : 7
Reserved:                            0.3666666666666668 : 7
Sentimental:                         0.3666666666666668 : 7
Smooth:                              0.3666666666666668 : 7
Soothing:                            0.3666666666666668 : 7
Sweet:                               0.3666666666666668 : 7
Hanging Out:                         0.3666666666666668 : 7
Relaxation:                          0.3666666666666668 : 7
Calm/Peaceful:                       0.1 : 6
Elegant:                             0.1 : 6
Intimate:                            0.1 : 6
Light:                               0.1 : 6
Sad:                                 0.1 : 6
Introspection:                       0.1 : 6
Solitude:                            0.1 : 6
Stay in Bed:                         0.1 : 6
