Piano Blues:                         0.9 : 9
Regional Blues:                      0.9 : 9
Texas Blues:                         0.9 : 9
Urban Blues:                         0.9 : 9
West Coast Blues:                    0.9 : 9
Laid-Back/Mellow:                    0.9 : 9
Melancholy:                          0.9 : 9
Refined:                             0.9 : 9
Introspection:                       0.9 : 9
Late Night:                          0.9 : 9
Dreamy:                              0.7400000000000002 : 8
Earnest:                             0.7400000000000002 : 8
Nocturnal:                           0.7400000000000002 : 8
Smooth:                              0.7400000000000002 : 8
Atmospheric:                         0.5800000000000002 : 7
Earthy:                              0.5800000000000002 : 7
Gentle:                              0.5800000000000002 : 7
Reflective:                          0.5800000000000002 : 7
Sensual:                             0.5800000000000002 : 7
Sentimental:                         0.5800000000000002 : 7
Delicate:                            0.42000000000000015 : 6
Intimate:                            0.42000000000000015 : 6
Passionate:                          0.42000000000000015 : 6
Reserved:                            0.42000000000000015 : 6
Jazz Blues:                          0.26000000000000006 : 5
Insular:                             0.26000000000000006 : 5
Romantic:                            0.26000000000000006 : 5
Soothing:                            0.26000000000000006 : 5
Affirmation:                         0.26000000000000006 : 5
Background Music:                    0.26000000000000006 : 5
Feeling Blue:                        0.26000000000000006 : 5
Elegant:                             0.1 : 4
Sophisticated:                       0.1 : 4
