Film Music:                          0.9 : 8
Movie Themes:                        0.9 : 8
Original Score:                      0.9 : 8
Soundtracks:                         0.9 : 8
Passionate:                          0.6333333333333332 : 7
Rousing:                             0.6333333333333332 : 7
Theatrical:                          0.6333333333333332 : 7
Boisterous:                          0.3666666666666666 : 6
Dramatic:                            0.3666666666666666 : 6
Earnest:                             0.3666666666666666 : 6
Earthy:                              0.3666666666666666 : 6
Energetic:                           0.3666666666666666 : 6
Organic:                             0.3666666666666666 : 6
Rambunctious:                        0.3666666666666666 : 6
Rollicking:                          0.3666666666666666 : 6
Whimsical:                           0.3666666666666666 : 6
Wistful:                             0.3666666666666666 : 6
Exuberant:                           0.1 : 5
Romantic:                            0.1 : 5
The Creative Side:                   0.1 : 5
