Early R&B:                           0.9 : 9
Memphis Blues:                       0.9 : 9
Regional Blues:                      0.9 : 9
Feeling Blue:                        0.9 : 9
Hanging Out:                         0.9 : 9
Jealousy:                            0.9 : 9
Late Night:                          0.9 : 9
Soul-Blues:                          0.7666666666666667 : 8
Rollicking:                          0.7666666666666667 : 8
Self-Conscious:                      0.7666666666666667 : 8
Confrontational:                     0.6333333333333333 : 7
Earthy:                              0.6333333333333333 : 7
Passionate:                          0.6333333333333333 : 7
Street-Smart:                        0.6333333333333333 : 7
Swaggering:                          0.6333333333333333 : 7
Dramatic:                            0.4999999999999999 : 6
Gritty:                              0.4999999999999999 : 6
Yearning:                            0.4999999999999999 : 6
Bravado:                             0.3666666666666667 : 5
Urgent:                              0.3666666666666667 : 5
Earnest:                             0.23333333333333336 : 4
Knotty:                              0.1 : 3
