Children's Folk:                     0.9000000000000001 : 8
Amiable/Good-Natured:                0.9000000000000001 : 8
Earnest:                             0.9000000000000001 : 8
Literate:                            0.9000000000000001 : 8
Laid-Back/Mellow:                    0.6333333333333333 : 7
Empowering:                          0.6333333333333333 : 7
Family Gatherings:                   0.6333333333333333 : 7
Hanging Out:                         0.6333333333333333 : 7
Cheerful:                            0.3666666666666667 : 6
Gentle:                              0.3666666666666667 : 6
Lively:                              0.3666666666666667 : 6
Playful:                             0.3666666666666667 : 6
Sing-Alongs:                         0.1 : 5
Fun:                                 0.1 : 5
Organic:                             0.1 : 5
The Creative Side:                   0.1 : 5
