Fun:                                 0.9 : 9
Humorous:                            0.9 : 9
Playful_mood:                        0.9 : 9
Comedy:                              0.7000000000000001 : 8
Observational Humor:                 0.7000000000000001 : 8
Standup Comedy:                      0.7000000000000001 : 8
Whimsical:                           0.7000000000000001 : 8
Energetic:                           0.4999999999999999 : 7
Innocent:                            0.4999999999999999 : 7
Playful:                             0.4999999999999999 : 7
Cheerful:                            0.30000000000000004 : 6
Silly:                               0.30000000000000004 : 6
Reflective:                          0.1 : 5
