Energetic:                           0.9000000000000001 : 8
Rousing:                             0.9000000000000001 : 8
