Folk Revival:                        0.9 : 8
Sentimental:                         0.9 : 8
Sad:                                 0.6333333333333335 : 7
Sweet:                               0.6333333333333335 : 7
Heartache:                           0.6333333333333335 : 7
Autumnal:                            0.3666666666666667 : 6
Melancholy:                          0.3666666666666667 : 6
Plaintive:                           0.3666666666666667 : 6
Poignant:                            0.3666666666666667 : 6
Bittersweet:                         0.1 : 5
Reflective:                          0.1 : 5
Romantic:                            0.1 : 5
