Mainstream Jazz:                     0.8999999999999999 : 9
Modal Music:                         0.8999999999999999 : 9
Soul Jazz:                           0.8999999999999999 : 9
Confident:                           0.8999999999999999 : 9
Exuberant:                           0.8999999999999999 : 9
Freewheeling:                        0.8999999999999999 : 9
Rousing:                             0.8999999999999999 : 9
Cool & Cocky:                        0.8999999999999999 : 9
Empowering:                          0.8999999999999999 : 9
Freedom:                             0.8999999999999999 : 9
Hanging Out:                         0.8999999999999999 : 9
Motivation:                          0.8999999999999999 : 9
Victory:                             0.8999999999999999 : 9
Bright:                              0.7000000000000001 : 8
Earthy:                              0.7000000000000001 : 8
Effervescent:                        0.7000000000000001 : 8
Energetic:                           0.7000000000000001 : 8
Playful_mood:                        0.7000000000000001 : 8
Rollicking:                          0.7000000000000001 : 8
Street-Smart:                        0.7000000000000001 : 8
Warm:                                0.7000000000000001 : 8
Playful:                             0.7000000000000001 : 8
Amiable/Good-Natured:                0.5000000000000001 : 7
Cheerful:                            0.5000000000000001 : 7
Circular:                            0.5000000000000001 : 7
Dramatic:                            0.5000000000000001 : 7
Earnest:                             0.5000000000000001 : 7
Literate:                            0.5000000000000001 : 7
Lively:                              0.5000000000000001 : 7
Passionate:                          0.5000000000000001 : 7
Rambunctious:                        0.5000000000000001 : 7
Searching:                           0.5000000000000001 : 7
Self-Conscious:                      0.5000000000000001 : 7
Sophisticated:                       0.5000000000000001 : 7
Stately:                             0.5000000000000001 : 7
Stylish:                             0.5000000000000001 : 7
Swaggering:                          0.5000000000000001 : 7
Witty:                               0.5000000000000001 : 7
Wry:                                 0.5000000000000001 : 7
Affirmation:                         0.5000000000000001 : 7
Girls Night Out:                     0.5000000000000001 : 7
Guys Night Out:                      0.5000000000000001 : 7
Late Night:                          0.5000000000000001 : 7
Mischievous:                         0.5000000000000001 : 7
Sports:                              0.5000000000000001 : 7
The Creative Side:                   0.5000000000000001 : 7
The Great Outdoors:                  0.5000000000000001 : 7
Summery:                             0.29999999999999993 : 6
Joyous:                              0.1 : 5
Picnic:                              0.1 : 5
