Political Reggae:                    0.9 : 8
Earthy:                              0.9 : 8
Rebellious:                          0.9 : 8
Summery:                             0.9 : 8
Empowering:                          0.9 : 8
Atmospheric:                         0.7000000000000002 : 7
Confident:                           0.7000000000000002 : 7
Earnest:                             0.7000000000000002 : 7
Hypnotic:                            0.7000000000000002 : 7
Passionate:                          0.7000000000000002 : 7
Poignant:                            0.7000000000000002 : 7
Reflective:                          0.7000000000000002 : 7
Spiritual:                           0.7000000000000002 : 7
Stately:                             0.7000000000000002 : 7
Urgent:                              0.7000000000000002 : 7
Ambitious:                           0.4999999999999999 : 6
Cathartic:                           0.4999999999999999 : 6
Revolutionary:                       0.4999999999999999 : 6
Reggae-Pop:                          0.30000000000000004 : 5
Roots Reggae:                        0.30000000000000004 : 5
Energetic:                           0.30000000000000004 : 5
Organic:                             0.30000000000000004 : 5
Motivation:                          0.30000000000000004 : 5
Politics/Society:                    0.30000000000000004 : 5
Reverent:                            0.1 : 4
