East Coast Rap:                      0.8999999999999999 : 9
Golden Age:                          0.8999999999999999 : 9
Pop-Rap:                             0.8999999999999999 : 9
Bravado:                             0.8999999999999999 : 9
Celebratory:                         0.8999999999999999 : 9
Confident:                           0.8999999999999999 : 9
Sardonic:                            0.8999999999999999 : 9
Snide:                               0.8999999999999999 : 9
Swaggering:                          0.8999999999999999 : 9
Day Driving:                         0.8999999999999999 : 9
Night Driving:                       0.8999999999999999 : 9
Partying:                            0.8999999999999999 : 9
Summer:                              0.8999999999999999 : 9
Fun:                                 0.7 : 8
Vacation:                            0.7 : 8
Brash:                               0.5 : 7
Hypnotic:                            0.5 : 7
Sexy:                                0.5 : 7
Acerbic:                             0.1 : 5
Energetic:                           0.1 : 5
Exciting:                            0.1 : 5
Sex:                                 0.1 : 5
