Bop:                                 0.9 : 9
Bright:                              0.3666666666666668 : 7
Confident:                           0.3666666666666668 : 7
Freewheeling:                        0.3666666666666668 : 7
Street-Smart:                        0.3666666666666668 : 7
Swaggering:                          0.3666666666666668 : 7
