Club/Dance:                          0.9000000000000001 : 9
Disco:                               0.9000000000000001 : 9
Amiable/Good-Natured:                0.9000000000000001 : 9
Boisterous:                          0.9000000000000001 : 9
Carefree:                            0.9000000000000001 : 9
Celebratory:                         0.9000000000000001 : 9
Confident:                           0.9000000000000001 : 9
Dreamy:                              0.9000000000000001 : 9
Effervescent:                        0.9000000000000001 : 9
Fun:                                 0.9000000000000001 : 9
Joyous:                              0.9000000000000001 : 9
Lush:                                0.9000000000000001 : 9
Playful_mood:                        0.9000000000000001 : 9
Slick:                               0.9000000000000001 : 9
Smooth:                              0.9000000000000001 : 9
Sophisticated:                       0.9000000000000001 : 9
Stylish:                             0.9000000000000001 : 9
Celebration:                         0.9000000000000001 : 9
Club:                                0.9000000000000001 : 9
Girls Night Out:                     0.9000000000000001 : 9
Sex:                                 0.9000000000000001 : 9
TGIF:                                0.9000000000000001 : 9
Dance-Pop:                           0.7000000000000001 : 8
Funk:                                0.7000000000000001 : 8
Energetic:                           0.7000000000000001 : 8
Exuberant:                           0.4999999999999999 : 7
Happy:                               0.4999999999999999 : 7
Sparkling:                           0.4999999999999999 : 7
Warm:                                0.4999999999999999 : 7
Light:                               0.29999999999999993 : 6
Lively:                              0.29999999999999993 : 6
Relaxed:                             0.29999999999999993 : 6
Rousing:                             0.29999999999999993 : 6
Summery:                             0.29999999999999993 : 6
Adult Contemporary:                  0.1 : 5
Bright:                              0.1 : 5
Cheerful:                            0.1 : 5
Optimistic:                          0.1 : 5
In Love:                             0.1 : 5
Partying:                            0.1 : 5
