East Coast Rap:                      0.9 : 9
Hardcore Rap:                        0.9 : 9
Confident:                           0.9 : 9
Confrontational:                     0.9 : 9
Sleazy:                              0.9 : 9
Partying:                            0.9 : 9
Celebratory:                         0.7857142857142857 : 8
Freewheeling:                        0.6714285714285715 : 7
Raucous:                             0.6714285714285715 : 7
Aggressive:                          0.44285714285714284 : 5
Brash:                               0.44285714285714284 : 5
Manic:                               0.44285714285714284 : 5
Ominous:                             0.44285714285714284 : 5
Outrageous:                          0.44285714285714284 : 5
Quirky:                              0.44285714285714284 : 5
Reckless:                            0.44285714285714284 : 5
Summery:                             0.44285714285714284 : 5
Tense/Anxious:                       0.44285714285714284 : 5
Visceral:                            0.44285714285714284 : 5
Club:                                0.44285714285714284 : 5
Cool & Cocky:                        0.44285714285714284 : 5
Guys Night Out:                      0.44285714285714284 : 5
Enigmatic:                           0.1 : 2
