Folk Revival:                        0.9 : 8
Folk-Pop:                            0.9 : 8
Innocent:                            0.9 : 8
Happy:                               0.6333333333333331 : 7
Naive:                               0.6333333333333331 : 7
Playful_mood:                        0.6333333333333331 : 7
Summer:                              0.6333333333333331 : 7
Amiable/Good-Natured:                0.3666666666666667 : 6
Carefree:                            0.3666666666666667 : 6
Fun:                                 0.3666666666666667 : 6
Sweet:                               0.3666666666666667 : 6
Whimsical:                           0.3666666666666667 : 6
Freedom:                             0.1 : 5
