Roots Reggae:                        0.9 : 8
Hypnotic:                            0.74 : 7
Organic:                             0.74 : 7
Sensual:                             0.74 : 7
Passionate:                          0.5800000000000001 : 6
Refined:                             0.5800000000000001 : 6
Gentle:                              0.26 : 4
Reggae-Pop:                          0.1 : 3
