Ambient:                             0.8999999999999999 : 9
Atmospheric:                         0.8999999999999999 : 9
Austere:                             0.8999999999999999 : 9
Cerebral:                            0.8999999999999999 : 9
Dreamy:                              0.8999999999999999 : 9
Eerie:                               0.8999999999999999 : 9
Enigmatic:                           0.8999999999999999 : 9
Ethereal:                            0.8999999999999999 : 9
Gentle:                              0.8999999999999999 : 9
Insular:                             0.8999999999999999 : 9
Intimate:                            0.8999999999999999 : 9
Reserved:                            0.8999999999999999 : 9
Sophisticated:                       0.8999999999999999 : 9
Sparse:                              0.8999999999999999 : 9
Introspection:                       0.8999999999999999 : 9
Maverick:                            0.8999999999999999 : 9
Meditation:                          0.8999999999999999 : 9
Reflection:                          0.8999999999999999 : 9
Relaxation:                          0.8999999999999999 : 9
Solitude:                            0.8999999999999999 : 9
Experimental Electronic:             0.7 : 8
Neo-Classical:                       0.1 : 5
