Jungle/Drum'n'Bass:                  0.9000000000000001 : 7
Hypnotic:                            0.9000000000000001 : 7
Menacing:                            0.9000000000000001 : 7
Ominous:                             0.9000000000000001 : 7
