Nashville Sound/Countrypolitan:      0.9000000000000001 : 9
Autumnal:                            0.9000000000000001 : 9
Bittersweet:                         0.9000000000000001 : 9
Laid-Back/Mellow:                    0.9000000000000001 : 9
Lush:                                0.9000000000000001 : 9
Melancholy:                          0.9000000000000001 : 9
Nocturnal:                           0.9000000000000001 : 9
Poignant:                            0.9000000000000001 : 9
Sad:                                 0.9000000000000001 : 9
Searching:                           0.9000000000000001 : 9
Smooth:                              0.9000000000000001 : 9
Soft/Quiet:                          0.9000000000000001 : 9
Warm:                                0.9000000000000001 : 9
Yearning:                            0.9000000000000001 : 9
Breakup:                             0.9000000000000001 : 9
Feeling Blue:                        0.9000000000000001 : 9
Heartache:                           0.9000000000000001 : 9
Late Night:                          0.9000000000000001 : 9
Regret:                              0.9000000000000001 : 9
Country-Pop:                         0.1 : 8
Traditional Country:                 0.1 : 8
