Beat Poetry:                         0.9 : 9
Ambitious:                           0.9 : 9
Revolutionary:                       0.9 : 9
The Creative Side:                   0.9 : 9
Poetry:                              0.6999999999999998 : 8
Spoken Word:                         0.6999999999999998 : 8
Cerebral:                            0.6999999999999998 : 8
Fiery:                               0.6999999999999998 : 8
Passionate:                          0.6999999999999998 : 8
Confrontational:                     0.5000000000000001 : 7
Dramatic:                            0.5000000000000001 : 7
Elaborate:                           0.5000000000000001 : 7
Freewheeling:                        0.5000000000000001 : 7
Intense:                             0.5000000000000001 : 7
Provocative:                         0.5000000000000001 : 7
Rebellious:                          0.5000000000000001 : 7
Reckless:                            0.5000000000000001 : 7
Rousing:                             0.5000000000000001 : 7
Uncompromising:                      0.5000000000000001 : 7
Volatile:                            0.5000000000000001 : 7
Complex:                             0.29999999999999993 : 6
Empowering:                          0.29999999999999993 : 6
Introspection:                       0.29999999999999993 : 6
Literate:                            0.1 : 5
