AM Pop:                              0.9 : 9
Adult Contemporary:                  0.9 : 9
Album Rock:                          0.9 : 9
Contemporary Pop/Rock:               0.9 : 9
Reggae-Pop:                          0.9 : 9
Soft Rock:                           0.9 : 9
Greasy:                              0.9 : 9
Organic:                             0.9 : 9
Slick:                               0.9 : 9
Smooth:                              0.9 : 9
Cool & Cocky:                        0.9 : 9
Introspection:                       0.9 : 9
Reflection:                          0.9 : 9
Regret:                              0.9 : 9
Political Reggae:                    0.7666666666666667 : 8
Roots Reggae:                        0.7666666666666667 : 8
Passionate:                          0.7666666666666667 : 8
Plaintive:                           0.7666666666666667 : 8
Rousing:                             0.7666666666666667 : 8
Sophisticated:                       0.7666666666666667 : 8
Visceral:                            0.7666666666666667 : 8
Maverick:                            0.7666666666666667 : 8
Revolutionary:                       0.7666666666666667 : 8
Summer:                              0.7666666666666667 : 8
Bleak:                               0.6333333333333333 : 7
Dramatic:                            0.6333333333333333 : 7
Fierce:                              0.6333333333333333 : 7
Bitter:                              0.4999999999999999 : 6
Cathartic:                           0.4999999999999999 : 6
Earnest:                             0.4999999999999999 : 6
Earthy:                              0.4999999999999999 : 6
Hypnotic:                            0.4999999999999999 : 6
Poignant:                            0.4999999999999999 : 6
Weary:                               0.4999999999999999 : 6
Reflective:                          0.3666666666666667 : 5
Relaxed:                             0.3666666666666667 : 5
Street-Smart:                        0.3666666666666667 : 5
Summery:                             0.3666666666666667 : 5
Wistful:                             0.3666666666666667 : 5
Day Driving:                         0.3666666666666667 : 5
Politics/Society:                    0.3666666666666667 : 5
Relaxation:                          0.3666666666666667 : 5
Laid-Back/Mellow:                    0.23333333333333336 : 4
Yearning:                            0.1 : 3
