Bittersweet:                         0.9000000000000001 : 9
Intimate:                            0.9000000000000001 : 9
Laid-Back/Mellow:                    0.9000000000000001 : 9
Lush:                                0.9000000000000001 : 9
Plaintive:                           0.9000000000000001 : 9
Affirmation:                         0.9000000000000001 : 9
Late Night:                          0.9000000000000001 : 9
Sex:                                 0.9000000000000001 : 9
Slow Dance:                          0.9000000000000001 : 9
Philly Soul:                         0.6333333333333332 : 8
Smooth Soul:                         0.6333333333333332 : 8
Soul:                                0.6333333333333332 : 8
Elegant:                             0.6333333333333332 : 8
Poignant:                            0.6333333333333332 : 8
Reflective:                          0.6333333333333332 : 8
Restrained:                          0.6333333333333332 : 8
Sensual:                             0.6333333333333332 : 8
Sexy:                                0.6333333333333332 : 8
Sophisticated:                       0.6333333333333332 : 8
Stylish:                             0.6333333333333332 : 8
Romantic Evening:                    0.6333333333333332 : 8
Seduction:                           0.6333333333333332 : 8
Earnest:                             0.3666666666666666 : 7
Melancholy:                          0.3666666666666666 : 7
Sad:                                 0.3666666666666666 : 7
Wistful:                             0.3666666666666666 : 7
In Love:                             0.3666666666666666 : 7
Autumnal:                            0.1 : 6
Dramatic:                            0.1 : 6
Nocturnal:                           0.1 : 6
Yearning:                            0.1 : 6
