Honky Tonk:                          0.9 : 9
Introspection:                       0.9 : 9
Loss/Grief:                          0.9 : 9
Reflection:                          0.9 : 9
Traditional Country:                 0.7666666666666667 : 8
Bleak:                               0.7666666666666667 : 8
Earthy:                              0.7666666666666667 : 8
Plaintive:                           0.7666666666666667 : 8
Rustic:                              0.7666666666666667 : 8
Sad:                                 0.7666666666666667 : 8
Feeling Blue:                        0.7666666666666667 : 8
Heartache:                           0.7666666666666667 : 8
Earnest:                             0.6333333333333334 : 7
Intimate:                            0.6333333333333334 : 7
Melancholy:                          0.6333333333333334 : 7
Weary:                               0.6333333333333334 : 7
Cathartic:                           0.5000000000000001 : 6
Organic:                             0.5000000000000001 : 6
Passionate:                          0.5000000000000001 : 6
Reflective:                          0.5000000000000001 : 6
Regret:                              0.5000000000000001 : 6
Anguished/Distraught:                0.3666666666666667 : 5
Autumnal:                            0.3666666666666667 : 5
Circular:                            0.3666666666666667 : 5
Gloomy:                              0.3666666666666667 : 5
Yearning:                            0.3666666666666667 : 5
Early Morning:                       0.3666666666666667 : 5
Freedom:                             0.3666666666666667 : 5
Road Trip:                           0.3666666666666667 : 5
Exuberant:                           0.1 : 3
