Traditional Pop:                     0.8999999999999999 : 9
Calm/Peaceful:                       0.8999999999999999 : 9
Precious:                            0.8999999999999999 : 9
Refined:                             0.8999999999999999 : 9
Smooth:                              0.8999999999999999 : 9
Soothing:                            0.8999999999999999 : 9
Affection/Fondness:                  0.8999999999999999 : 9
Comfort:                             0.8999999999999999 : 9
Relaxation:                          0.8999999999999999 : 9
Reminiscing:                         0.8999999999999999 : 9
Romantic Evening:                    0.8999999999999999 : 9
Harmony Vocal Group:                 0.6333333333333334 : 8
Vocal Pop:                           0.6333333333333334 : 8
Delicate:                            0.6333333333333334 : 8
Dreamy:                              0.6333333333333334 : 8
Romantic:                            0.6333333333333334 : 8
Soft/Quiet:                          0.6333333333333334 : 8
Warm:                                0.6333333333333334 : 8
Dramatic:                            0.3666666666666669 : 7
Earnest:                             0.3666666666666669 : 7
Gentle:                              0.3666666666666669 : 7
Innocent:                            0.3666666666666669 : 7
Pastoral:                            0.3666666666666669 : 7
Poignant:                            0.3666666666666669 : 7
Reflective:                          0.3666666666666669 : 7
Sentimental:                         0.3666666666666669 : 7
Sweet:                               0.3666666666666669 : 7
Elegant:                             0.1 : 6
Intimate:                            0.1 : 6
Light:                               0.1 : 6
Nocturnal:                           0.1 : 6
Springlike:                          0.1 : 6
Theatrical:                          0.1 : 6
Stay in Bed:                         0.1 : 6
Sweet Dreams:                        0.1 : 6
