Big Band:                            0.9000000000000001 : 9
Sweet Bands:                         0.9000000000000001 : 9
Amiable/Good-Natured:                0.9000000000000001 : 9
Cheerful:                            0.9000000000000001 : 9
Happy:                               0.9000000000000001 : 9
Refined:                             0.9000000000000001 : 9
Rousing:                             0.9000000000000001 : 9
Smooth:                              0.9000000000000001 : 9
Sweet:                               0.9000000000000001 : 9
Celebration:                         0.9000000000000001 : 9
Comfort:                             0.9000000000000001 : 9
Reminiscing:                         0.9000000000000001 : 9
Sunday Afternoon:                    0.9000000000000001 : 9
Swing:                               0.7 : 8
Brash:                               0.7 : 8
Bright:                              0.7 : 8
Carefree:                            0.7 : 8
Lively:                              0.7 : 8
Soothing:                            0.7 : 8
Girls Night Out:                     0.7 : 8
Guys Night Out:                      0.7 : 8
Boisterous:                          0.5000000000000001 : 7
Brassy:                              0.5000000000000001 : 7
Confident:                           0.5000000000000001 : 7
Exciting:                            0.5000000000000001 : 7
Exuberant:                           0.5000000000000001 : 7
Joyous:                              0.5000000000000001 : 7
Light:                               0.5000000000000001 : 7
Relaxed:                             0.5000000000000001 : 7
Sophisticated:                       0.5000000000000001 : 7
Stylish:                             0.5000000000000001 : 7
Reunion:                             0.5000000000000001 : 7
Celebratory:                         0.30000000000000004 : 6
Elegant:                             0.30000000000000004 : 6
Fun:                                 0.30000000000000004 : 6
Gleeful:                             0.30000000000000004 : 6
Innocent:                            0.30000000000000004 : 6
Playful_mood:                        0.30000000000000004 : 6
Sparkling:                           0.30000000000000004 : 6
Knotty:                              0.1 : 5
Romantic:                            0.1 : 5
Summery:                             0.1 : 5
