Ambient Breakbeat:                   0.9 : 9
Trip-Hop:                            0.9 : 9
Hypnotic:                            0.9 : 9
Trippy:                              0.9 : 9
Small Gathering:                     0.9 : 9
Turntablism:                         0.6999999999999998 : 8
Druggy:                              0.6999999999999998 : 8
Background Music:                    0.6999999999999998 : 8
Reflection:                          0.6999999999999998 : 8
Relaxation:                          0.6999999999999998 : 8
Cerebral:                            0.5000000000000001 : 7
Detached:                            0.5000000000000001 : 7
Eerie:                               0.5000000000000001 : 7
Laid-Back/Mellow:                    0.5000000000000001 : 7
Relaxed:                             0.5000000000000001 : 7
Late Night:                          0.5000000000000001 : 7
Clinical:                            0.29999999999999993 : 6
Nocturnal:                           0.29999999999999993 : 6
Restrained:                          0.29999999999999993 : 6
Smooth:                              0.29999999999999993 : 6
Spacey:                              0.29999999999999993 : 6
Ethereal:                            0.1 : 5
Paranoid:                            0.1 : 5
Warm:                                0.1 : 5
