Electronica:                         0.9 : 9
Trip-Hop:                            0.9 : 9
Atmospheric:                         0.7400000000000002 : 8
Cold:                                0.7400000000000002 : 8
Detached:                            0.7400000000000002 : 8
Dreamy:                              0.7400000000000002 : 8
Druggy:                              0.7400000000000002 : 8
Eerie:                               0.7400000000000002 : 8
Enigmatic:                           0.7400000000000002 : 8
Hypnotic:                            0.7400000000000002 : 8
Nocturnal:                           0.7400000000000002 : 8
Ominous:                             0.7400000000000002 : 8
Paranoid:                            0.7400000000000002 : 8
Sexy:                                0.7400000000000002 : 8
Smooth:                              0.7400000000000002 : 8
Sophisticated:                       0.7400000000000002 : 8
Stylish:                             0.7400000000000002 : 8
Trippy:                              0.7400000000000002 : 8
Downtempo:                           0.5800000000000002 : 7
Aggressive:                          0.5800000000000002 : 7
Laid-Back/Mellow:                    0.5800000000000002 : 7
Menacing:                            0.5800000000000002 : 7
Late Night:                          0.5800000000000002 : 7
Night Driving:                       0.5800000000000002 : 7
Reflection:                          0.5800000000000002 : 7
Sex:                                 0.5800000000000002 : 7
The Creative Side:                   0.5800000000000002 : 7
Bleak:                               0.42000000000000015 : 6
Gentle:                              0.42000000000000015 : 6
Rousing:                             0.42000000000000015 : 6
Hanging Out:                         0.42000000000000015 : 6
Club/Dance:                          0.1 : 4
Restrained:                          0.1 : 4
