Traditional Pop:                     0.9 : 8
Autumnal:                            0.9 : 8
Feeling Blue:                        0.9 : 8
Nostalgic:                           0.6333333333333334 : 7
Reflective:                          0.6333333333333334 : 7
Wistful:                             0.3666666666666666 : 6
Reminiscing:                         0.3666666666666666 : 6
Intimate:                            0.1 : 5
Reflection:                          0.1 : 5
