New Acoustic:                        0.9 : 8
Solo Instrumental:                   0.9 : 8
Circular:                            0.9 : 8
Delicate:                            0.9 : 8
Earthy:                              0.9 : 8
Hypnotic:                            0.9 : 8
Sophisticated:                       0.6333333333333333 : 7
Introspection:                       0.6333333333333333 : 7
Late Night:                          0.6333333333333333 : 7
Reflection:                          0.6333333333333333 : 7
Solitude:                            0.6333333333333333 : 7
The Creative Side:                   0.6333333333333333 : 7
Contemporary Instrumental:           0.3666666666666668 : 6
Austere:                             0.3666666666666668 : 6
Complex:                             0.3666666666666668 : 6
Earnest:                             0.3666666666666668 : 6
Elaborate:                           0.3666666666666668 : 6
Intimate:                            0.3666666666666668 : 6
Organic:                             0.3666666666666668 : 6
Plaintive:                           0.3666666666666668 : 6
Refined:                             0.3666666666666668 : 6
Restrained:                          0.3666666666666668 : 6
Soothing:                            0.3666666666666668 : 6
Wintry:                              0.3666666666666668 : 6
Wistful:                             0.3666666666666668 : 6
Yearning:                            0.3666666666666668 : 6
Long Walk:                           0.3666666666666668 : 6
Rainy Day:                           0.3666666666666668 : 6
Sunday Afternoon:                    0.3666666666666668 : 6
Ambitious:                           0.1 : 5
Bright:                              0.1 : 5
Freewheeling:                        0.1 : 5
Melancholy:                          0.1 : 5
At the Office:                       0.1 : 5
