Album Rock:                          0.9000000000000001 : 9
Blues-Rock:                          0.9000000000000001 : 9
British Invasion:                    0.9000000000000001 : 9
Contemporary Pop/Rock:               0.9000000000000001 : 9
Brash:                               0.9000000000000001 : 9
Bravado:                             0.9000000000000001 : 9
Confident:                           0.9000000000000001 : 9
Dramatic:                            0.9000000000000001 : 9
Energetic:                           0.9000000000000001 : 9
Exciting:                            0.9000000000000001 : 9
Fierce:                              0.9000000000000001 : 9
Fiery:                               0.9000000000000001 : 9
Freewheeling:                        0.9000000000000001 : 9
Intense:                             0.9000000000000001 : 9
Paranoid:                            0.9000000000000001 : 9
Raucous:                             0.9000000000000001 : 9
Rebellious:                          0.9000000000000001 : 9
Sexy:                                0.9000000000000001 : 9
Swaggering:                          0.9000000000000001 : 9
Trippy:                              0.9000000000000001 : 9
Urgent:                              0.9000000000000001 : 9
Cool & Cocky:                        0.9000000000000001 : 9
Day Driving:                         0.9000000000000001 : 9
Drinking:                            0.9000000000000001 : 9
Empowering:                          0.9000000000000001 : 9
Freedom:                             0.9000000000000001 : 9
Guys Night Out:                      0.9000000000000001 : 9
Hanging Out:                         0.9000000000000001 : 9
Late Night:                          0.9000000000000001 : 9
Night Driving:                       0.9000000000000001 : 9
Partying:                            0.9000000000000001 : 9
Road Trip:                           0.9000000000000001 : 9
TGIF:                                0.9000000000000001 : 9
Hard Rock:                           0.8 : 8
Rock & Roll:                         0.8 : 8
Reckless:                            0.8 : 8
Rowdy:                               0.8 : 8
Confrontational:                     0.6 : 6
Reminiscing:                         0.5000000000000001 : 5
British Trad Rock:                   0.1 : 1
