Funk:                                0.9000000000000001 : 7
Romantic:                            0.9000000000000001 : 7
Rousing:                             0.9000000000000001 : 7
In Love:                             0.9000000000000001 : 7
