Dub:                                 0.9000000000000001 : 8
Roots Reggae:                        0.9000000000000001 : 8
Hypnotic:                            0.9000000000000001 : 8
Intense:                             0.9000000000000001 : 8
Spacey:                              0.9000000000000001 : 8
Trippy:                              0.9000000000000001 : 8
Earnest:                             0.6999999999999998 : 7
Eerie:                               0.6999999999999998 : 7
Fiery:                               0.6999999999999998 : 7
Gutsy:                               0.6999999999999998 : 7
Organic:                             0.6999999999999998 : 7
Sensual:                             0.6999999999999998 : 7
Cathartic:                           0.4999999999999999 : 6
Crunchy:                             0.4999999999999999 : 6
Ethereal:                            0.4999999999999999 : 6
Passionate:                          0.4999999999999999 : 6
Rousing:                             0.4999999999999999 : 6
Summery:                             0.4999999999999999 : 6
Bright:                              0.1 : 4
Yearning:                            0.1 : 4
