Easy Pop:                            0.9000000000000001 : 8
Orchestral/Easy Listening:           0.9000000000000001 : 8
Sentimental:                         0.9000000000000001 : 8
Background Music:                    0.9000000000000001 : 8
Playful_mood:                        0.6333333333333334 : 7
Quirky:                              0.6333333333333334 : 7
Whimsical:                           0.6333333333333334 : 7
Hanging Out:                         0.6333333333333334 : 7
Campy:                               0.3666666666666668 : 6
Refined:                             0.3666666666666668 : 6
Witty:                               0.3666666666666668 : 6
Dinner Ambiance:                     0.3666666666666668 : 6
Playful:                             0.3666666666666668 : 6
Vocal Pop:                           0.1 : 5
Relaxation:                          0.1 : 5
