Original Score:                      0.9000000000000001 : 8
Stylish:                             0.9000000000000001 : 8
Dreamy:                              0.6333333333333333 : 7
Plaintive:                           0.6333333333333333 : 7
Sophisticated:                       0.6333333333333333 : 7
Theatrical:                          0.6333333333333333 : 7
Affirmation:                         0.6333333333333333 : 7
Boisterous:                          0.3666666666666667 : 6
Complex:                             0.3666666666666667 : 6
Dramatic:                            0.3666666666666667 : 6
Elegant:                             0.3666666666666667 : 6
Refined:                             0.3666666666666667 : 6
Award Winners:                       0.3666666666666667 : 6
Film Music:                          0.1 : 5
Soundtracks:                         0.1 : 5
Whimsical:                           0.1 : 5
