Big Beat:                            0.9000000000000001 : 9
Club/Dance:                          0.9000000000000001 : 9
Funky Breaks:                        0.9000000000000001 : 9
Boisterous:                          0.9000000000000001 : 9
Energetic:                           0.9000000000000001 : 9
Rousing:                             0.9000000000000001 : 9
Cool & Cocky:                        0.9000000000000001 : 9
Guys Night Out:                      0.9000000000000001 : 9
Motivation:                          0.9000000000000001 : 9
TGIF:                                0.9000000000000001 : 9
Trip-Hop:                            0.6333333333333332 : 8
Celebratory:                         0.6333333333333332 : 8
Fun:                                 0.6333333333333332 : 8
Freedom:                             0.6333333333333332 : 8
Road Trip:                           0.6333333333333332 : 8
Electronica:                         0.3666666666666666 : 7
Aggressive:                          0.3666666666666666 : 7
Brash:                               0.3666666666666666 : 7
Confident:                           0.3666666666666666 : 7
Freewheeling:                        0.3666666666666666 : 7
Rambunctious:                        0.3666666666666666 : 7
Stylish:                             0.3666666666666666 : 7
Exercise/Workout:                    0.3666666666666666 : 7
Housework:                           0.3666666666666666 : 7
Carefree:                            0.1 : 6
Rollicking:                          0.1 : 6
Swaggering:                          0.1 : 6
Visceral:                            0.1 : 6
Club:                                0.1 : 6
Partying:                            0.1 : 6
Sports:                              0.1 : 6
