Contemporary Pop/Rock:               0.9 : 9
Dance-Pop:                           0.9 : 9
Club:                                0.9 : 9
Partying:                            0.9 : 9
Seduction:                           0.9 : 9
Sex:                                 0.9 : 9
Bright:                              0.6999999999999998 : 8
Celebratory:                         0.6999999999999998 : 8
Energetic:                           0.6999999999999998 : 8
Irreverent:                          0.6999999999999998 : 8
Provocative:                         0.6999999999999998 : 8
Sensual:                             0.6999999999999998 : 8
Sexy:                                0.6999999999999998 : 8
Club/Dance:                          0.5000000000000001 : 7
Confident:                           0.5000000000000001 : 7
Lively:                              0.5000000000000001 : 7
Playful_mood:                        0.5000000000000001 : 7
Girls Night Out:                     0.5000000000000001 : 7
Stylish:                             0.29999999999999993 : 6
Witty:                               0.29999999999999993 : 6
Hanging Out:                         0.29999999999999993 : 6
Brash:                               0.1 : 5
In Love:                             0.1 : 5
Summer:                              0.1 : 5
