Earthy:                              0.9 : 9
Reflective:                          0.9 : 9
Reflection:                          0.9 : 9
Reggae-Pop:                          0.7666666666666667 : 8
Cheerful:                            0.7666666666666667 : 8
Melancholy:                          0.7666666666666667 : 8
Romantic:                            0.7666666666666667 : 8
In Love:                             0.7666666666666667 : 8
Introspection:                       0.7666666666666667 : 8
Confident:                           0.6333333333333333 : 7
Smooth:                              0.6333333333333333 : 7
Sweet:                               0.6333333333333333 : 7
Rainy Day:                           0.6333333333333333 : 7
Amiable/Good-Natured:                0.5 : 6
Earnest:                             0.5 : 6
Effervescent:                        0.5 : 6
Laid-Back/Mellow:                    0.5 : 6
Sentimental:                         0.5 : 6
Long Walk:                           0.5 : 6
Club/Dance:                          0.3666666666666667 : 5
Intimate:                            0.3666666666666667 : 5
Passionate:                          0.3666666666666667 : 5
Summery:                             0.3666666666666667 : 5
Yearning:                            0.3666666666666667 : 5
New Love:                            0.3666666666666667 : 5
Wedding:                             0.1 : 3
