Outlaw Country:                      0.9 : 9
Singer/Songwriter:                   0.9 : 9
Progressive Country:                 0.7000000000000001 : 8
Earthy:                              0.7000000000000001 : 8
Enigmatic:                           0.1 : 5
Plaintive:                           0.1 : 5
Poignant:                            0.1 : 5
Reflective:                          0.1 : 5
