Funk:                                0.9 : 8
Pop-Soul:                            0.9 : 8
Exuberant:                           0.6333333333333333 : 7
Empowering:                          0.6333333333333333 : 7
Summer:                              0.6333333333333333 : 7
Soul:                                0.3666666666666668 : 6
Earthy:                              0.3666666666666668 : 6
Fun:                                 0.3666666666666668 : 6
Playful_mood:                        0.3666666666666668 : 6
Summery:                             0.3666666666666668 : 6
Girls Night Out:                     0.3666666666666668 : 6
Brassy:                              0.1 : 5
Bravado:                             0.1 : 5
Bright:                              0.1 : 5
Lively:                              0.1 : 5
Swaggering:                          0.1 : 5
Partying:                            0.1 : 5
