Dancehall:                           0.9000000000000001 : 8
Ragga:                               0.9000000000000001 : 8
Slick:                               0.9000000000000001 : 8
Swaggering:                          0.9000000000000001 : 8
Boisterous:                          0.7857142857142857 : 7
Bravado:                             0.7857142857142857 : 7
Confident:                           0.7857142857142857 : 7
Sensual:                             0.7857142857142857 : 7
Seduction:                           0.7857142857142857 : 7
Sex:                                 0.7857142857142857 : 7
Bright:                              0.6714285714285714 : 6
Rousing:                             0.6714285714285714 : 6
Sexy:                                0.6714285714285714 : 6
Stylish:                             0.6714285714285714 : 6
Fun:                                 0.5571428571428573 : 5
Summery:                             0.5571428571428573 : 5
At the Beach:                        0.5571428571428573 : 5
Cool & Cocky:                        0.5571428571428573 : 5
Pool Party:                          0.5571428571428573 : 5
Humorous:                            0.1 : 1
Playful_mood:                        0.1 : 1
Silly:                               0.1 : 1
