Poignant:                            0.9 : 8
Wry:                                 0.9 : 8
Reflection:                          0.9 : 8
Folk-Rock:                           0.7400000000000002 : 7
Psychedelic/Garage:                  0.7400000000000002 : 7
Bittersweet:                         0.7400000000000002 : 7
Intimate:                            0.7400000000000002 : 7
Literate:                            0.7400000000000002 : 7
Playful_mood:                        0.7400000000000002 : 7
Precious:                            0.7400000000000002 : 7
Refined:                             0.7400000000000002 : 7
Summery:                             0.7400000000000002 : 7
Witty:                               0.7400000000000002 : 7
Summer:                              0.7400000000000002 : 7
Ironic:                              0.5800000000000001 : 6
Sophisticated:                       0.5800000000000001 : 6
Introspection:                       0.5800000000000001 : 6
Sunday Afternoon:                    0.5800000000000001 : 6
Folk-Pop:                            0.26 : 4
Autumnal:                            0.26 : 4
Delicate:                            0.26 : 4
Detached:                            0.26 : 4
Autumn:                              0.26 : 4
Singer/Songwriter:                   0.1 : 3
