Alternative Rap:                     0.9 : 9
Dirty South:                         0.9 : 9
Southern Rap:                        0.9 : 9
Amiable/Good-Natured:                0.9 : 9
Fun:                                 0.9 : 9
Partying:                            0.9 : 9
Soothing:                            0.7666666666666666 : 8
Reflective:                          0.6333333333333332 : 7
Smooth:                              0.6333333333333332 : 7
Guys Night Out:                      0.6333333333333332 : 7
Hanging Out:                         0.6333333333333332 : 7
Cheerful:                            0.4999999999999999 : 6
Earnest:                             0.4999999999999999 : 6
Playful_mood:                        0.4999999999999999 : 6
Sweet:                               0.4999999999999999 : 6
Brash:                               0.3666666666666667 : 5
Confident:                           0.3666666666666667 : 5
Lively:                              0.3666666666666667 : 5
Slick:                               0.3666666666666667 : 5
Relaxed:                             0.1 : 3
