Jungle/Drum'n'Bass:                  0.9000000000000001 : 9
Cerebral:                            0.9000000000000001 : 9
Circular:                            0.9000000000000001 : 9
Energetic:                           0.9000000000000001 : 9
Ethereal:                            0.9000000000000001 : 9
Hypnotic:                            0.9000000000000001 : 9
Reflection:                          0.9000000000000001 : 9
Relaxation:                          0.9000000000000001 : 9
Clinical:                            0.6333333333333333 : 8
Detached:                            0.6333333333333333 : 8
Dreamy:                              0.6333333333333333 : 8
Lush:                                0.6333333333333333 : 8
Smooth:                              0.6333333333333333 : 8
Summery:                             0.6333333333333333 : 8
Visceral:                            0.6333333333333333 : 8
Late Night:                          0.6333333333333333 : 8
Winter:                              0.6333333333333333 : 8
Club/Dance:                          0.3666666666666667 : 7
Lively:                              0.3666666666666667 : 7
Nocturnal:                           0.3666666666666667 : 7
Restrained:                          0.3666666666666667 : 7
Somber:                              0.3666666666666667 : 7
Stylish:                             0.3666666666666667 : 7
Trippy:                              0.3666666666666667 : 7
Solitude:                            0.3666666666666667 : 7
Calm/Peaceful:                       0.1 : 6
Cold:                                0.1 : 6
Intense:                             0.1 : 6
Laid-Back/Mellow:                    0.1 : 6
Reflective:                          0.1 : 6
Wintry:                              0.1 : 6
Introspection:                       0.1 : 6
