Comedy:                              0.9 : 9
Observational Humor:                 0.9 : 9
Standup Comedy:                      0.9 : 9
Acerbic:                             0.9 : 9
Cynical/Sarcastic:                   0.9 : 9
Irreverent:                          0.9 : 9
Freedom:                             0.9 : 9
Introspection:                       0.9 : 9
Revolutionary:                       0.9 : 9
Campy:                               0.7666666666666667 : 8
Confrontational:                     0.7666666666666667 : 8
Humorous:                            0.7666666666666667 : 8
Ironic:                              0.7666666666666667 : 8
Outrageous:                          0.7666666666666667 : 8
Playful_mood:                        0.7666666666666667 : 8
Reflective:                          0.7666666666666667 : 8
Silly:                               0.7666666666666667 : 8
Uncompromising:                      0.7666666666666667 : 8
Whimsical:                           0.7666666666666667 : 8
Witty:                               0.7666666666666667 : 8
Wry:                                 0.7666666666666667 : 8
Maverick:                            0.7666666666666667 : 8
Mischievous:                         0.7666666666666667 : 8
Playful:                             0.7666666666666667 : 8
Earnest:                             0.6333333333333335 : 7
Provocative:                         0.6333333333333335 : 7
Reflection:                          0.6333333333333335 : 7
Searching:                           0.5000000000000001 : 6
The Creative Side:                   0.5000000000000001 : 6
Cerebral:                            0.3666666666666667 : 5
Complex:                             0.3666666666666667 : 5
Fun:                                 0.3666666666666667 : 5
Literate:                            0.23333333333333334 : 4
Snide:                               0.23333333333333334 : 4
Bitter:                              0.1 : 3
