Comedy:                              0.9 : 9
Standup Comedy:                      0.9 : 9
Outrageous:                          0.7857142857142857 : 8
Witty:                               0.7857142857142857 : 8
Acerbic:                             0.6714285714285715 : 7
Fun:                                 0.6714285714285715 : 7
Quirky:                              0.6714285714285715 : 7
Street-Smart:                        0.6714285714285715 : 7
Cool & Cocky:                        0.6714285714285715 : 7
Confrontational:                     0.5571428571428572 : 6
Harsh:                               0.5571428571428572 : 6
Humorous:                            0.5571428571428572 : 6
Wry:                                 0.5571428571428572 : 6
Hanging Out:                         0.5571428571428572 : 6
Revolutionary:                       0.5571428571428572 : 6
Sketch Comedy:                       0.44285714285714295 : 5
Brash:                               0.44285714285714295 : 5
Cynical/Sarcastic:                   0.44285714285714295 : 5
Irreverent:                          0.44285714285714295 : 5
Playful_mood:                        0.44285714285714295 : 5
Raucous:                             0.44285714285714295 : 5
Rowdy:                               0.44285714285714295 : 5
Silly:                               0.44285714285714295 : 5
Guys Night Out:                      0.44285714285714295 : 5
Mischievous:                         0.44285714285714295 : 5
Angry:                               0.2142857142857143 : 3
Partying:                            0.2142857142857143 : 3
Small Gathering:                     0.2142857142857143 : 3
Snide:                               0.1 : 2
