Progressive Electronic:              0.9 : 8
Ethereal:                            0.9 : 8
Delicate:                            0.6333333333333334 : 7
Elegant:                             0.6333333333333334 : 7
Hypnotic:                            0.6333333333333334 : 7
Melancholy:                          0.6333333333333334 : 7
Refined:                             0.6333333333333334 : 7
Sparkling:                           0.6333333333333334 : 7
Wintry:                              0.6333333333333334 : 7
Feeling Blue:                        0.6333333333333334 : 7
Late Night:                          0.6333333333333334 : 7
Reflection:                          0.6333333333333334 : 7
Elaborate:                           0.3666666666666667 : 6
Lush:                                0.3666666666666667 : 6
Nocturnal:                           0.3666666666666667 : 6
Reflective:                          0.3666666666666667 : 6
Introspection:                       0.3666666666666667 : 6
Romantic Evening:                    0.3666666666666667 : 6
Contemporary Instrumental:           0.1 : 5
Ethnic Fusion:                       0.1 : 5
Dramatic:                            0.1 : 5
