Malevolent:                          0.9 : 9
Ominous:                             0.9 : 9
Spooky:                              0.9 : 9
Electronica:                         0.7857142857142858 : 8
Trip-Hop:                            0.7857142857142858 : 8
Atmospheric:                         0.7857142857142858 : 8
Bleak:                               0.7857142857142858 : 8
Brooding:                            0.7857142857142858 : 8
Druggy:                              0.7857142857142858 : 8
Nocturnal:                           0.7857142857142858 : 8
Volatile:                            0.7857142857142858 : 8
Heartache:                           0.7857142857142858 : 8
Late Night:                          0.7857142857142858 : 8
Ambitious:                           0.6714285714285716 : 7
Eerie:                               0.6714285714285716 : 7
Somber:                              0.6714285714285716 : 7
Seduction:                           0.6714285714285716 : 7
Insular:                             0.557142857142857 : 6
Intense:                             0.557142857142857 : 6
Sexy:                                0.557142857142857 : 6
Tense/Anxious:                       0.557142857142857 : 6
In Love:                             0.44285714285714295 : 5
The Creative Side:                   0.44285714285714295 : 5
Literate:                            0.21428571428571427 : 3
Elegant:                             0.1 : 2
