Rock & Roll:                         0.9 : 9
Carefree:                            0.9 : 9
Exuberant:                           0.74 : 8
Rollicking:                          0.74 : 8
Joyous:                              0.5800000000000001 : 7
Rockabilly:                          0.42000000000000004 : 6
Celebratory:                         0.42000000000000004 : 6
Amiable/Good-Natured:                0.1 : 4
