Poignant:                            0.9 : 9
Soothing:                            0.9 : 9
Theatrical:                          0.9 : 9
Warm:                                0.9 : 9
Affirmation:                         0.9 : 9
Comfort:                             0.9 : 9
Cast Recordings:                     0.6999999999999998 : 8
Musicals:                            0.6999999999999998 : 8
Dramatic:                            0.6999999999999998 : 8
Sentimental:                         0.6999999999999998 : 8
Springlike:                          0.6999999999999998 : 8
Early Pop/Rock:                      0.4999999999999999 : 7
Show Tunes:                          0.4999999999999999 : 7
Standards:                           0.4999999999999999 : 7
Delicate:                            0.4999999999999999 : 7
Gentle:                              0.4999999999999999 : 7
Plaintive:                           0.4999999999999999 : 7
Refined:                             0.4999999999999999 : 7
Reflective:                          0.4999999999999999 : 7
Smooth:                              0.4999999999999999 : 7
Soft/Quiet:                          0.4999999999999999 : 7
Wistful:                             0.4999999999999999 : 7
Reminiscing:                         0.4999999999999999 : 7
Traditional Pop:                     0.29999999999999993 : 6
Earnest:                             0.29999999999999993 : 6
Intimate:                            0.29999999999999993 : 6
Lush:                                0.29999999999999993 : 6
Restrained:                          0.29999999999999993 : 6
Introspection:                       0.29999999999999993 : 6
Literate:                            0.1 : 5
In Love:                             0.1 : 5
