Vocal Pop:                           0.9000000000000001 : 9
Brassy:                              0.9000000000000001 : 9
Lively:                              0.9000000000000001 : 9
Playful_mood:                        0.9000000000000001 : 9
Rousing:                             0.9000000000000001 : 9
Freedom:                             0.9000000000000001 : 9
Traditional Pop:                     0.6333333333333333 : 8
Cheerful:                            0.6333333333333333 : 8
Boisterous:                          0.3666666666666667 : 7
Carefree:                            0.3666666666666667 : 7
Energetic:                           0.3666666666666667 : 7
Fun:                                 0.3666666666666667 : 7
Day Driving:                         0.3666666666666667 : 7
Light:                               0.1 : 6
Rollicking:                          0.1 : 6
Cool & Cocky:                        0.1 : 6
