Hedonistic:                          0.9 : 8
Rousing:                             0.9 : 8
Slick:                               0.9 : 8
Stylish:                             0.9 : 8
Club:                                0.9 : 8
Club/Dance:                          0.7857142857142857 : 7
Dance-Pop:                           0.7857142857142857 : 7
Urban:                               0.7857142857142857 : 7
Aggressive:                          0.7857142857142857 : 7
Brash:                               0.7857142857142857 : 7
Brassy:                              0.7857142857142857 : 7
Celebratory:                         0.7857142857142857 : 7
Confident:                           0.7857142857142857 : 7
Nocturnal:                           0.7857142857142857 : 7
Sensual:                             0.7857142857142857 : 7
Sexual:                              0.7857142857142857 : 7
Sexy:                                0.7857142857142857 : 7
Street-Smart:                        0.7857142857142857 : 7
Girls Night Out:                     0.7857142857142857 : 7
Late Night:                          0.7857142857142857 : 7
Seduction:                           0.7857142857142857 : 7
Sex:                                 0.7857142857142857 : 7
TGIF:                                0.7857142857142857 : 7
Synth Pop:                           0.3285714285714285 : 3
Electronic/Computer Music:           0.1 : 1
