Alternative Dance:                   0.9 : 9
Electronica:                         0.9 : 9
Trip-Hop:                            0.9 : 9
Atmospheric:                         0.7400000000000001 : 8
Dreamy:                              0.7400000000000001 : 8
Hypnotic:                            0.7400000000000001 : 8
Intimate:                            0.7400000000000001 : 8
Laid-Back/Mellow:                    0.7400000000000001 : 8
Nocturnal:                           0.7400000000000001 : 8
Relaxed:                             0.7400000000000001 : 8
Sensual:                             0.7400000000000001 : 8
Slick:                               0.7400000000000001 : 8
Smooth:                              0.7400000000000001 : 8
Sophisticated:                       0.7400000000000001 : 8
Spacey:                              0.7400000000000001 : 8
Stylish:                             0.7400000000000001 : 8
Comfort:                             0.7400000000000001 : 8
Contemporary Pop/Rock:               0.5800000000000001 : 7
Downtempo:                           0.5800000000000001 : 7
Earnest:                             0.5800000000000001 : 7
Elegant:                             0.5800000000000001 : 7
Ethereal:                            0.5800000000000001 : 7
Happy:                               0.5800000000000001 : 7
Reflective:                          0.5800000000000001 : 7
Reserved:                            0.5800000000000001 : 7
Somber:                              0.5800000000000001 : 7
Uplifting:                           0.5800000000000001 : 7
Warm:                                0.5800000000000001 : 7
Yearning:                            0.5800000000000001 : 7
Feeling Blue:                        0.5800000000000001 : 7
Heartache:                           0.5800000000000001 : 7
Introspection:                       0.5800000000000001 : 7
Late Night:                          0.5800000000000001 : 7
Night Driving:                       0.5800000000000001 : 7
Reflection:                          0.5800000000000001 : 7
The Creative Side:                   0.5800000000000001 : 7
Gentle:                              0.42000000000000004 : 6
Trippy:                              0.42000000000000004 : 6
In Love:                             0.26 : 5
Stay in Bed:                         0.26 : 5
Club/Dance:                          0.1 : 4
Soothing:                            0.1 : 4
