Affection/Fondness:                  0.9000000000000001 : 8
In Love:                             0.9000000000000001 : 8
New Love:                            0.9000000000000001 : 8
Reminiscing:                         0.9000000000000001 : 8
Summer:                              0.9000000000000001 : 8
Amiable/Good-Natured:                0.6333333333333334 : 7
Earnest:                             0.6333333333333334 : 7
Lively:                              0.6333333333333334 : 7
Romantic:                            0.6333333333333334 : 7
Sentimental:                         0.6333333333333334 : 7
Gentle:                              0.3666666666666668 : 6
Relaxed:                             0.3666666666666668 : 6
Contemporary Reggae:                 0.1 : 5
Lovers Rock:                         0.1 : 5
Smooth Reggae:                       0.1 : 5
