Exotica:                             0.9000000000000001 : 9
Atmospheric:                         0.9000000000000001 : 9
Calm/Peaceful:                       0.9000000000000001 : 9
Dreamy:                              0.9000000000000001 : 9
Eccentric:                           0.9000000000000001 : 9
Fun:                                 0.9000000000000001 : 9
Giddy:                               0.9000000000000001 : 9
Light:                               0.9000000000000001 : 9
Relaxed:                             0.9000000000000001 : 9
Smooth:                              0.9000000000000001 : 9
Sophisticated:                       0.9000000000000001 : 9
Sparkling:                           0.9000000000000001 : 9
Spicy:                               0.9000000000000001 : 9
Background Music:                    0.9000000000000001 : 9
Meditation:                          0.9000000000000001 : 9
Pool Party:                          0.9000000000000001 : 9
Relaxation:                          0.9000000000000001 : 9
Dramatic:                            0.7000000000000001 : 8
Hypnotic:                            0.7000000000000001 : 8
Laid-Back/Mellow:                    0.7000000000000001 : 8
Meandering:                          0.7000000000000001 : 8
Nocturnal:                           0.7000000000000001 : 8
Playful_mood:                        0.7000000000000001 : 8
Quirky:                              0.7000000000000001 : 8
Romantic:                            0.7000000000000001 : 8
Sensual:                             0.7000000000000001 : 8
Soothing:                            0.7000000000000001 : 8
Stylish:                             0.7000000000000001 : 8
Warm:                                0.7000000000000001 : 8
Whimsical:                           0.7000000000000001 : 8
At the Beach:                        0.7000000000000001 : 8
Dinner Ambiance:                     0.7000000000000001 : 8
Late Night:                          0.7000000000000001 : 8
Romantic Evening:                    0.7000000000000001 : 8
Seduction:                           0.7000000000000001 : 8
Sweet Dreams:                        0.7000000000000001 : 8
Orchestral/Easy Listening:           0.4999999999999999 : 7
Space Age Pop:                       0.4999999999999999 : 7
Playful:                             0.4999999999999999 : 7
Lounge:                              0.1 : 5
