Early R&B:                           0.9 : 9
Rock & Roll:                         0.9 : 9
Louisiana Blues:                     0.74 : 8
Regional Blues:                      0.74 : 8
Swamp Blues:                         0.74 : 8
Greasy:                              0.74 : 8
Juke Joint Blues:                    0.58 : 7
Gritty:                              0.58 : 7
Gutsy:                               0.58 : 7
Playful_mood:                        0.58 : 7
Electric Harmonica Blues:            0.41999999999999993 : 6
Swamp Pop:                           0.41999999999999993 : 6
Confident:                           0.41999999999999993 : 6
Hypnotic:                            0.41999999999999993 : 6
Atmospheric:                         0.25999999999999995 : 5
Austere:                             0.25999999999999995 : 5
Autumnal:                            0.25999999999999995 : 5
Bittersweet:                         0.25999999999999995 : 5
Brooding:                            0.25999999999999995 : 5
Earthy:                              0.25999999999999995 : 5
Intimate:                            0.25999999999999995 : 5
Lazy:                                0.25999999999999995 : 5
Melancholy:                          0.25999999999999995 : 5
Organic:                             0.25999999999999995 : 5
Plaintive:                           0.25999999999999995 : 5
Poignant:                            0.25999999999999995 : 5
Romantic:                            0.25999999999999995 : 5
Rustic:                              0.25999999999999995 : 5
Sad:                                 0.25999999999999995 : 5
Somber:                              0.25999999999999995 : 5
Sparse:                              0.25999999999999995 : 5
Weary:                               0.25999999999999995 : 5
Wistful:                             0.25999999999999995 : 5
Yearning:                            0.25999999999999995 : 5
Affection/Fondness:                  0.25999999999999995 : 5
Autumn:                              0.25999999999999995 : 5
Breakup:                             0.25999999999999995 : 5
Cool & Cocky:                        0.25999999999999995 : 5
Feeling Blue:                        0.25999999999999995 : 5
Hanging Out:                         0.25999999999999995 : 5
Late Night:                          0.25999999999999995 : 5
Seduction:                           0.25999999999999995 : 5
Slow Dance:                          0.25999999999999995 : 5
Ramshackle:                          0.1 : 4
