Gritty:                              0.9 : 9
Swaggering:                          0.9 : 9
Summer:                              0.9 : 9
New Orleans R&B:                     0.7400000000000001 : 8
Spicy:                               0.7400000000000001 : 8
Street-Smart:                        0.7400000000000001 : 8
Funk:                                0.5800000000000001 : 7
Greasy:                              0.5800000000000001 : 7
Cool & Cocky:                        0.5800000000000001 : 7
Album Rock:                          0.42000000000000004 : 6
Energetic:                           0.42000000000000004 : 6
Road Trip:                           0.42000000000000004 : 6
Rollicking:                          0.26 : 5
Earthy:                              0.1 : 4
TGIF:                                0.1 : 4
