Beat Poetry:                         0.9 : 9
Spoken Word:                         0.9 : 9
Literate:                            0.9 : 9
Reflective:                          0.9 : 9
Self-Conscious:                      0.9 : 9
Freedom:                             0.9 : 9
Introspection:                       0.9 : 9
Reflection:                          0.9 : 9
Revolutionary:                       0.9 : 9
The Creative Side:                   0.9 : 9
Uncompromising:                      0.7399999999999999 : 8
Ambitious:                           0.5800000000000001 : 7
Intense:                             0.5800000000000001 : 7
Intimate:                            0.5800000000000001 : 7
Plaintive:                           0.5800000000000001 : 7
Whimsical:                           0.5800000000000001 : 7
Poetry:                              0.41999999999999993 : 6
Freewheeling:                        0.41999999999999993 : 6
Playful_mood:                        0.41999999999999993 : 6
Warm:                                0.41999999999999993 : 6
Yearning:                            0.41999999999999993 : 6
Dramatic:                            0.26000000000000006 : 5
Elaborate:                           0.26000000000000006 : 5
Gutsy:                               0.26000000000000006 : 5
Searching:                           0.26000000000000006 : 5
Sentimental:                         0.26000000000000006 : 5
Theatrical:                          0.26000000000000006 : 5
Weary:                               0.26000000000000006 : 5
Earnest:                             0.1 : 4
