Exotica:                             0.9000000000000001 : 8
Lounge:                              0.9000000000000001 : 8
Space Age Pop:                       0.9000000000000001 : 8
Playful_mood:                        0.9000000000000001 : 8
Sparkling:                           0.9000000000000001 : 8
Hanging Out:                         0.9000000000000001 : 8
Playful:                             0.9000000000000001 : 8
Amiable/Good-Natured:                0.6333333333333334 : 7
Carefree:                            0.6333333333333334 : 7
Quirky:                              0.6333333333333334 : 7
Whimsical:                           0.6333333333333334 : 7
Mischievous:                         0.6333333333333334 : 7
The Creative Side:                   0.3666666666666668 : 6
Enigmatic:                           0.1 : 5
Theatrical:                          0.1 : 5
