Big Beat:                            0.9000000000000001 : 9
Electronica:                         0.9000000000000001 : 9
Funky Breaks:                        0.9000000000000001 : 9
Cathartic:                           0.9000000000000001 : 9
Fiery:                               0.9000000000000001 : 9
Harsh:                               0.9000000000000001 : 9
Intense:                             0.9000000000000001 : 9
Manic:                               0.9000000000000001 : 9
Rousing:                             0.9000000000000001 : 9
Trippy:                              0.9000000000000001 : 9
Club:                                0.9000000000000001 : 9
Cool & Cocky:                        0.9000000000000001 : 9
Guys Night Out:                      0.9000000000000001 : 9
Motivation:                          0.9000000000000001 : 9
Road Trip:                           0.9000000000000001 : 9
TGIF:                                0.9000000000000001 : 9
Club/Dance:                          0.8 : 8
Trip-Hop:                            0.8 : 8
Energetic:                           0.8 : 8
Raucous:                             0.8 : 8
Urgent:                              0.8 : 8
Visceral:                            0.8 : 8
Freedom:                             0.8 : 8
Partying:                            0.8 : 8
Sports:                              0.8 : 8
Acid House:                          0.7 : 7
House:                               0.7 : 7
Boisterous:                          0.7 : 7
Brash:                               0.7 : 7
Celebratory:                         0.7 : 7
Clinical:                            0.7 : 7
Stylish:                             0.7 : 7
Swaggering:                          0.7 : 7
Exercise/Workout:                    0.7 : 7
Housework:                           0.7 : 7
Aggressive:                          0.6 : 6
Confident:                           0.6 : 6
Exuberant:                           0.6 : 6
Rambunctious:                        0.6 : 6
Experimental:                        0.1 : 1
