Cynical/Sarcastic:                   0.9 : 9
Irreverent:                          0.9 : 9
Freedom:                             0.9 : 9
Introspection:                       0.9 : 9
Revolutionary:                       0.9 : 9
Comedy:                              0.7666666666666666 : 8
Observational Humor:                 0.7666666666666666 : 8
Satire:                              0.7666666666666666 : 8
Spoken Comedy:                       0.7666666666666666 : 8
Standup Comedy:                      0.7666666666666666 : 8
Acerbic:                             0.7666666666666666 : 8
Boisterous:                          0.7666666666666666 : 8
Brash:                               0.7666666666666666 : 8
Campy:                               0.7666666666666666 : 8
Cerebral:                            0.7666666666666666 : 8
Confrontational:                     0.7666666666666666 : 8
Humorous:                            0.7666666666666666 : 8
Ironic:                              0.7666666666666666 : 8
Literate:                            0.7666666666666666 : 8
Outrageous:                          0.7666666666666666 : 8
Playful_mood:                        0.7666666666666666 : 8
Poignant:                            0.7666666666666666 : 8
Provocative:                         0.7666666666666666 : 8
Reflective:                          0.7666666666666666 : 8
Uncompromising:                      0.7666666666666666 : 8
Witty:                               0.7666666666666666 : 8
Wry:                                 0.7666666666666666 : 8
Maverick:                            0.7666666666666666 : 8
Mischievous:                         0.7666666666666666 : 8
Playful:                             0.7666666666666666 : 8
Earnest:                             0.6333333333333333 : 7
Reflection:                          0.6333333333333333 : 7
Searching:                           0.5 : 6
The Creative Side:                   0.5 : 6
Complex:                             0.3666666666666666 : 5
Fun:                                 0.3666666666666666 : 5
Snide:                               0.2333333333333333 : 4
Whimsical:                           0.2333333333333333 : 4
Bitter:                              0.1 : 3
