Tin Pan Alley Pop:                   0.9 : 9
Cheerful:                            0.9 : 9
Fun:                                 0.9 : 9
Vacation:                            0.9 : 9
Harmony Vocal Group:                 0.6999999999999998 : 8
Traditional Pop:                     0.6999999999999998 : 8
Joyous:                              0.6999999999999998 : 8
Lively:                              0.6999999999999998 : 8
Playful_mood:                        0.6999999999999998 : 8
Summery:                             0.6999999999999998 : 8
Carefree:                            0.4999999999999999 : 7
Energetic:                           0.4999999999999999 : 7
Rollicking:                          0.4999999999999999 : 7
Rousing:                             0.4999999999999999 : 7
Sparkling:                           0.4999999999999999 : 7
Warm:                                0.4999999999999999 : 7
Vocal Pop:                           0.29999999999999993 : 6
Amiable/Good-Natured:                0.29999999999999993 : 6
Exuberant:                           0.29999999999999993 : 6
Light:                               0.29999999999999993 : 6
Romantic:                            0.29999999999999993 : 6
Smooth:                              0.29999999999999993 : 6
Boisterous:                          0.1 : 5
Brash:                               0.1 : 5
Confident:                           0.1 : 5
Elegant:                             0.1 : 5
In Love:                             0.1 : 5
Wedding:                             0.1 : 5
