Club/Dance:                          0.9 : 8
Cathartic:                           0.9 : 8
Contemporary Pop/Rock:               0.6333333333333334 : 7
Teen Pop:                            0.6333333333333334 : 7
Aggressive:                          0.6333333333333334 : 7
Brash:                               0.6333333333333334 : 7
Confident:                           0.6333333333333334 : 7
Earnest:                             0.6333333333333334 : 7
Exuberant:                           0.6333333333333334 : 7
Happy:                               0.6333333333333334 : 7
Passionate:                          0.6333333333333334 : 7
Rousing:                             0.6333333333333334 : 7
Slick:                               0.6333333333333334 : 7
Stylish:                             0.6333333333333334 : 7
Club:                                0.6333333333333334 : 7
In Love:                             0.6333333333333334 : 7
Adult Contemporary:                  0.3666666666666667 : 6
Bittersweet:                         0.3666666666666667 : 6
Lively:                              0.3666666666666667 : 6
Rambunctious:                        0.3666666666666667 : 6
Empowering:                          0.3666666666666667 : 6
Solitude:                            0.3666666666666667 : 6
Bitter:                              0.1 : 5
Energetic:                           0.1 : 5
Breakup:                             0.1 : 5
Girls Night Out:                     0.1 : 5
Heartache:                           0.1 : 5
