Dance-Pop:                           0.9 : 9
Pop:                                 0.9 : 9
Urban:                               0.9 : 9
Playful_mood:                        0.9 : 9
Slick:                               0.9 : 9
Stylish:                             0.9 : 9
Swaggering:                          0.9 : 9
Girls Night Out:                     0.9 : 9
Partying:                            0.9 : 9
Carefree:                            0.8 : 8
Aggressive:                          0.7000000000000002 : 7
Celebratory:                         0.7000000000000002 : 7
Confident:                           0.7000000000000002 : 7
Energetic:                           0.7000000000000002 : 7
Exciting:                            0.7000000000000002 : 7
Exuberant:                           0.7000000000000002 : 7
Fun:                                 0.7000000000000002 : 7
Rambunctious:                        0.7000000000000002 : 7
Urgent:                              0.7000000000000002 : 7
Celebration:                         0.7000000000000002 : 7
Club:                                0.7000000000000002 : 7
Mischievous:                         0.7000000000000002 : 7
Playful:                             0.7000000000000002 : 7
Sex:                                 0.7000000000000002 : 7
TGIF:                                0.7000000000000002 : 7
Angry:                               0.5000000000000001 : 5
Humorous:                            0.5000000000000001 : 5
Hypnotic:                            0.5000000000000001 : 5
Intense:                             0.5000000000000001 : 5
Quirky:                              0.5000000000000001 : 5
In Love:                             0.5000000000000001 : 5
Ironic:                              0.1 : 1
Sarcastic:                           0.1 : 1
Breakup:                             0.1 : 1
Heartache:                           0.1 : 1
Separation:                          0.1 : 1
