Roots Reggae:                        0.9 : 8
Rousing:                             0.9 : 8
Druggy:                              0.4999999999999998 : 7
Earthy:                              0.4999999999999998 : 7
Hedonistic:                          0.4999999999999998 : 7
Hypnotic:                            0.4999999999999998 : 7
Laid-Back/Mellow:                    0.4999999999999998 : 7
Organic:                             0.4999999999999998 : 7
Spacey:                              0.4999999999999998 : 7
Trippy:                              0.4999999999999998 : 7
Yearning:                            0.4999999999999998 : 7
Reflective:                          0.1 : 6
Reverent:                            0.1 : 6
