Summery:                             0.9 : 8
Pool Party:                          0.9 : 8
Summer:                              0.9 : 8
Laid-Back/Mellow:                    0.7000000000000002 : 7
Sparkling:                           0.7000000000000002 : 7
Bright:                              0.5000000000000001 : 6
Organic:                             0.5000000000000001 : 6
Soothing:                            0.5000000000000001 : 6
Amiable/Good-Natured:                0.3000000000000001 : 5
Effervescent:                        0.3000000000000001 : 5
Sweet:                               0.3000000000000001 : 5
Lively:                              0.1 : 4
