Ambient:                             0.9 : 8
Progressive Electronic:              0.9 : 8
Reflective:                          0.6333333333333333 : 7
Solitude:                            0.6333333333333333 : 7
Dramatic:                            0.3666666666666668 : 6
Dreamy:                              0.3666666666666668 : 6
Ethereal:                            0.3666666666666668 : 6
Hypnotic:                            0.3666666666666668 : 6
Lush:                                0.3666666666666668 : 6
Refined:                             0.3666666666666668 : 6
Soothing:                            0.3666666666666668 : 6
Spiritual:                           0.3666666666666668 : 6
Stylish:                             0.3666666666666668 : 6
Introspection:                       0.3666666666666668 : 6
Meditation:                          0.3666666666666668 : 6
Atmospheric:                         0.1 : 5
Relaxation:                          0.1 : 5
