Effervescent:                        0.9 : 9
Sophisticated:                       0.9 : 9
Mischievous:                         0.9 : 9
The Great Outdoors:                  0.9 : 9
Vacation:                            0.9 : 9
Big Band:                            0.7857142857142858 : 8
Jazz-Pop:                            0.7857142857142858 : 8
Boisterous:                          0.7857142857142858 : 8
Calm/Peaceful:                       0.7857142857142858 : 8
Confident:                           0.7857142857142858 : 8
Giddy:                               0.7857142857142858 : 8
Humorous:                            0.7857142857142858 : 8
Laid-Back/Mellow:                    0.7857142857142858 : 8
Rambunctious:                        0.7857142857142858 : 8
Relaxed:                             0.7857142857142858 : 8
Slick:                               0.7857142857142858 : 8
Stylish:                             0.7857142857142858 : 8
Warm:                                0.7857142857142858 : 8
Girls Night Out:                     0.7857142857142858 : 8
Guys Night Out:                      0.7857142857142858 : 8
Small Gathering:                     0.7857142857142858 : 8
Sunday Afternoon:                    0.7857142857142858 : 8
Exuberant:                           0.6714285714285715 : 7
Gentle:                              0.6714285714285715 : 7
Playful_mood:                        0.6714285714285715 : 7
Background Music:                    0.6714285714285715 : 7
Birthday:                            0.6714285714285715 : 7
Day Driving:                         0.6714285714285715 : 7
Picnic:                              0.6714285714285715 : 7
Road Trip:                           0.6714285714285715 : 7
The Creative Side:                   0.6714285714285715 : 7
Victory:                             0.6714285714285715 : 7
Latin Jazz:                          0.5571428571428573 : 6
World Fusion:                        0.5571428571428573 : 6
Spicy:                               0.5571428571428573 : 6
Amiable/Good-Natured:                0.44285714285714284 : 5
Carefree:                            0.44285714285714284 : 5
Celebratory:                         0.44285714285714284 : 5
Cheerful:                            0.44285714285714284 : 5
Earnest:                             0.44285714285714284 : 5
Earthy:                              0.44285714285714284 : 5
Freewheeling:                        0.44285714285714284 : 5
Fun:                                 0.44285714285714284 : 5
Literate:                            0.44285714285714284 : 5
Lively:                              0.44285714285714284 : 5
Quirky:                              0.44285714285714284 : 5
Rousing:                             0.44285714285714284 : 5
Sprawling:                           0.44285714285714284 : 5
Stately:                             0.44285714285714284 : 5
Wry:                                 0.44285714285714284 : 5
At the Beach:                        0.44285714285714284 : 5
Celebration:                         0.44285714285714284 : 5
Dinner Ambiance:                     0.44285714285714284 : 5
Hanging Out:                         0.44285714285714284 : 5
Partying:                            0.44285714285714284 : 5
Playful:                             0.44285714285714284 : 5
Pool Party:                          0.44285714285714284 : 5
Relaxation:                          0.44285714285714284 : 5
Sports:                              0.44285714285714284 : 5
Sexy:                                0.1 : 2
