Hard Bop:                            0.9000000000000001 : 8
Modal Music:                         0.9000000000000001 : 8
Post-Bop:                            0.9000000000000001 : 8
Cerebral:                            0.9000000000000001 : 8
Complex:                             0.9000000000000001 : 8
Passionate:                          0.9000000000000001 : 8
Sophisticated:                       0.9000000000000001 : 8
Elegant:                             0.6333333333333333 : 7
Reflection:                          0.6333333333333333 : 7
Small Gathering:                     0.3666666666666667 : 6
The Creative Side:                   0.3666666666666667 : 6
Exuberant:                           0.1 : 5
Lush:                                0.1 : 5
Searching:                           0.1 : 5
Self-Conscious:                      0.1 : 5
Soothing:                            0.1 : 5
