Film Music:                          0.9 : 8
Movie Themes:                        0.9 : 8
Original Score:                      0.9 : 8
Soundtracks:                         0.9 : 8
Passionate:                          0.7857142857142856 : 7
Rousing:                             0.7857142857142856 : 7
Theatrical:                          0.7857142857142856 : 7
Dramatic:                            0.6714285714285714 : 6
Earnest:                             0.6714285714285714 : 6
Earthy:                              0.6714285714285714 : 6
Energetic:                           0.6714285714285714 : 6
Organic:                             0.6714285714285714 : 6
Rambunctious:                        0.6714285714285714 : 6
Rollicking:                          0.6714285714285714 : 6
Whimsical:                           0.6714285714285714 : 6
Wistful:                             0.6714285714285714 : 6
Exuberant:                           0.5571428571428572 : 5
Romantic:                            0.5571428571428572 : 5
The Creative Side:                   0.5571428571428572 : 5
Adventure:                           0.1 : 1
