Mainstream Jazz:                     0.8999999999999999 : 9
Modern Big Band:                     0.8999999999999999 : 9
Amiable/Good-Natured:                0.8999999999999999 : 9
Bright:                              0.8999999999999999 : 9
Elegant:                             0.8999999999999999 : 9
Exuberant:                           0.8999999999999999 : 9
Playful_mood:                        0.8999999999999999 : 9
Poignant:                            0.8999999999999999 : 9
Precious:                            0.8999999999999999 : 9
Rousing:                             0.8999999999999999 : 9
Sentimental:                         0.8999999999999999 : 9
Sophisticated:                       0.8999999999999999 : 9
Stylish:                             0.8999999999999999 : 9
Empowering:                          0.8999999999999999 : 9
Mischievous:                         0.8999999999999999 : 9
Playful:                             0.8999999999999999 : 9
Thoughtful:                          0.7000000000000001 : 8
Warm:                                0.7000000000000001 : 8
Wistful:                             0.7000000000000001 : 8
Hanging Out:                         0.7000000000000001 : 8
Sports:                              0.7000000000000001 : 8
The Great Outdoors:                  0.7000000000000001 : 8
Carefree:                            0.5000000000000001 : 7
Confident:                           0.5000000000000001 : 7
Dramatic:                            0.5000000000000001 : 7
Earnest:                             0.5000000000000001 : 7
Earthy:                              0.5000000000000001 : 7
Elaborate:                           0.5000000000000001 : 7
Freewheeling:                        0.5000000000000001 : 7
Literate:                            0.5000000000000001 : 7
Lively:                              0.5000000000000001 : 7
Passionate:                          0.5000000000000001 : 7
Refined:                             0.5000000000000001 : 7
Reflective:                          0.5000000000000001 : 7
Searching:                           0.5000000000000001 : 7
Witty:                               0.5000000000000001 : 7
Wry:                                 0.5000000000000001 : 7
Affirmation:                         0.5000000000000001 : 7
Cool & Cocky:                        0.5000000000000001 : 7
Freedom:                             0.5000000000000001 : 7
Introspection:                       0.5000000000000001 : 7
Motivation:                          0.5000000000000001 : 7
The Creative Side:                   0.5000000000000001 : 7
Victory:                             0.5000000000000001 : 7
Hard Bop:                            0.1 : 5
Post-Bop:                            0.1 : 5
Progressive Big Band:                0.1 : 5
Progressive Jazz:                    0.1 : 5
Lush:                                0.1 : 5
Nocturnal:                           0.1 : 5
