Cerebral:                            0.9 : 8
Poignant:                            0.42000000000000015 : 5
Rustic:                              0.42000000000000015 : 5
