Adult Alternative:                   0.9000000000000001 : 8
Solitude:                            0.9000000000000001 : 8
Solo Instrumental:                   0.6333333333333333 : 7
Autumnal:                            0.6333333333333333 : 7
Lush:                                0.6333333333333333 : 7
Yearning:                            0.6333333333333333 : 7
Dreamy:                              0.3666666666666667 : 6
Elegant:                             0.3666666666666667 : 6
Pastoral:                            0.3666666666666667 : 6
Reflective:                          0.3666666666666667 : 6
Smooth:                              0.3666666666666667 : 6
Wistful:                             0.3666666666666667 : 6
Background Music:                    0.3666666666666667 : 6
Relaxation:                          0.1 : 5
Atmospheric:                         0.1 : 5
Bittersweet:                         0.1 : 5
