Funk:                                0.9 : 8
Boisterous:                          0.9 : 8
Carefree:                            0.9 : 8
Celebratory:                         0.9 : 8
Freewheeling:                        0.9 : 8
Sleazy:                              0.9 : 8
Urban:                               0.7857142857142858 : 7
Energetic:                           0.7857142857142858 : 7
Rambunctious:                        0.7857142857142858 : 7
Sexy:                                0.7857142857142858 : 7
Sex:                                 0.7857142857142858 : 7
Fun:                                 0.6714285714285716 : 6
Playful_mood:                        0.6714285714285716 : 6
Stylish:                             0.6714285714285716 : 6
Hedonistic:                          0.5571428571428573 : 5
Nocturnal:                           0.5571428571428573 : 5
Late Night:                          0.5571428571428573 : 5
Partying:                            0.5571428571428573 : 5
Quiet Storm:                         0.44285714285714295 : 4
Manic:                               0.44285714285714295 : 4
Quirky:                              0.44285714285714295 : 4
Rousing:                             0.44285714285714295 : 4
Humorous:                            0.1 : 1
Sexual:                              0.1 : 1
