Early Jazz:                          0.8999999999999999 : 9
Modern Big Band:                     0.8999999999999999 : 9
Standards:                           0.8999999999999999 : 9
Swing:                               0.8999999999999999 : 9
Amiable/Good-Natured:                0.8999999999999999 : 9
Brassy:                              0.8999999999999999 : 9
Carefree:                            0.8999999999999999 : 9
Cheerful:                            0.8999999999999999 : 9
Elegant:                             0.8999999999999999 : 9
Energetic:                           0.8999999999999999 : 9
Freewheeling:                        0.8999999999999999 : 9
Fun:                                 0.8999999999999999 : 9
Light:                               0.8999999999999999 : 9
Lively:                              0.8999999999999999 : 9
Playful_mood:                        0.8999999999999999 : 9
Refined:                             0.8999999999999999 : 9
Rollicking:                          0.8999999999999999 : 9
Rousing:                             0.8999999999999999 : 9
Smooth:                              0.8999999999999999 : 9
Sophisticated:                       0.8999999999999999 : 9
Stylish:                             0.8999999999999999 : 9
Swaggering:                          0.8999999999999999 : 9
Visceral:                            0.8999999999999999 : 9
Warm:                                0.8999999999999999 : 9
At the Beach:                        0.8999999999999999 : 9
Celebration:                         0.8999999999999999 : 9
Day Driving:                         0.8999999999999999 : 9
Family Gatherings:                   0.8999999999999999 : 9
Girls Night Out:                     0.8999999999999999 : 9
Guys Night Out:                      0.8999999999999999 : 9
Hanging Out:                         0.8999999999999999 : 9
Housework:                           0.8999999999999999 : 9
Motivation:                          0.8999999999999999 : 9
Night Driving:                       0.8999999999999999 : 9
Playful:                             0.8999999999999999 : 9
Rainy Day:                           0.8999999999999999 : 9
Relaxation:                          0.8999999999999999 : 9
Road Trip:                           0.8999999999999999 : 9
Sports:                              0.8999999999999999 : 9
TGIF:                                0.8999999999999999 : 9
The Creative Side:                   0.8999999999999999 : 9
Vacation:                            0.8999999999999999 : 9
Big Band:                            0.1 : 8
