Rock & Roll:                         0.9000000000000001 : 9
Bravado:                             0.9000000000000001 : 9
Confident:                           0.9000000000000001 : 9
Earthy:                              0.9000000000000001 : 9
Energetic:                           0.9000000000000001 : 9
Exciting:                            0.9000000000000001 : 9
Lively:                              0.9000000000000001 : 9
Raucous:                             0.9000000000000001 : 9
Rebellious:                          0.9000000000000001 : 9
Rollicking:                          0.9000000000000001 : 9
Rousing:                             0.9000000000000001 : 9
Rowdy:                               0.9000000000000001 : 9
Swaggering:                          0.9000000000000001 : 9
Urgent:                              0.9000000000000001 : 9
Warm:                                0.9000000000000001 : 9
Rockabilly:                          0.7000000000000001 : 8
Playful_mood:                        0.7000000000000001 : 8
Early Pop/Rock:                      0.4999999999999999 : 7
Contemporary Pop/Rock:               0.1 : 5
Celebratory:                         0.1 : 5
