Adult Contemporary:                  0.8999999999999999 : 9
Contemporary Country:                0.8999999999999999 : 9
Contemporary Pop/Rock:               0.8999999999999999 : 9
Country-Pop:                         0.8999999999999999 : 9
Bright:                              0.8999999999999999 : 9
Celebratory:                         0.8999999999999999 : 9
Cheerful:                            0.8999999999999999 : 9
Confident:                           0.8999999999999999 : 9
Fun:                                 0.8999999999999999 : 9
Lively:                              0.8999999999999999 : 9
Playful_mood:                        0.8999999999999999 : 9
Sexy:                                0.8999999999999999 : 9
Stylish:                             0.8999999999999999 : 9
Swaggering:                          0.8999999999999999 : 9
Cool & Cocky:                        0.8999999999999999 : 9
Girls Night Out:                     0.8999999999999999 : 9
Late Night:                          0.8999999999999999 : 9
Night Driving:                       0.8999999999999999 : 9
Partying:                            0.8999999999999999 : 9
Sex:                                 0.8999999999999999 : 9
TGIF:                                0.8999999999999999 : 9
Humorous:                            0.5000000000000001 : 7
Rollicking:                          0.5000000000000001 : 7
Rousing:                             0.5000000000000001 : 7
In Love:                             0.1 : 5
