Rock & Roll:                         0.9 : 8
Rockabilly:                          0.9 : 8
Rollicking:                          0.9 : 8
Exciting:                            0.7000000000000001 : 7
Joyous:                              0.7000000000000001 : 7
Celebratory:                         0.5 : 6
Fun:                                 0.5 : 6
Innocent:                            0.5 : 6
Playful_mood:                        0.5 : 6
Carefree:                            0.3000000000000001 : 5
Cheerful:                            0.3000000000000001 : 5
Energetic:                           0.3000000000000001 : 5
Freewheeling:                        0.3000000000000001 : 5
Light:                               0.3000000000000001 : 5
Lively:                              0.3000000000000001 : 5
Optimistic:                          0.3000000000000001 : 5
Rambunctious:                        0.3000000000000001 : 5
Raucous:                             0.3000000000000001 : 5
Rousing:                             0.3000000000000001 : 5
Swaggering:                          0.3000000000000001 : 5
Cool & Cocky:                        0.3000000000000001 : 5
Day Driving:                         0.3000000000000001 : 5
Guys Night Out:                      0.3000000000000001 : 5
Hanging Out:                         0.3000000000000001 : 5
In Love:                             0.3000000000000001 : 5
Partying:                            0.3000000000000001 : 5
Summer:                              0.3000000000000001 : 5
TGIF:                                0.3000000000000001 : 5
Amiable/Good-Natured:                0.1 : 4
