Comedy:                              0.9000000000000001 : 9
Music Comedy:                        0.9000000000000001 : 9
Irreverent:                          0.9000000000000001 : 9
Wry:                                 0.9000000000000001 : 9
Mischievous:                         0.9000000000000001 : 9
Playful:                             0.9000000000000001 : 9
Acerbic:                             0.7000000000000001 : 8
Theatrical:                          0.7000000000000001 : 8
Novelty:                             0.4999999999999999 : 7
Cynical/Sarcastic:                   0.4999999999999999 : 7
Energetic:                           0.4999999999999999 : 7
Humorous:                            0.4999999999999999 : 7
Playful_mood:                        0.4999999999999999 : 7
Sardonic:                            0.4999999999999999 : 7
The Creative Side:                   0.4999999999999999 : 7
Satire:                              0.29999999999999993 : 6
Literate:                            0.29999999999999993 : 6
Quirky:                              0.29999999999999993 : 6
Witty:                               0.29999999999999993 : 6
School:                              0.1 : 5
