Cast Recordings:                     0.9 : 9
Musicals:                            0.9 : 9
Show Tunes:                          0.9 : 9
Reverent:                            0.3666666666666668 : 7
Stately:                             0.3666666666666668 : 7
Earnest:                             0.1 : 6
