Old-School Rap:                      0.9 : 9
Rousing:                             0.9 : 9
Summery:                             0.9 : 9
Guys Night Out:                      0.9 : 9
Partying:                            0.9 : 9
Summer:                              0.9 : 9
Boisterous:                          0.6999999999999998 : 8
Cheerful:                            0.6999999999999998 : 8
Freewheeling:                        0.6999999999999998 : 8
Gritty:                              0.6999999999999998 : 8
Playful_mood:                        0.6999999999999998 : 8
Hanging Out:                         0.6999999999999998 : 8
Confident:                           0.5000000000000001 : 7
Gleeful:                             0.5000000000000001 : 7
Hypnotic:                            0.5000000000000001 : 7
Raucous:                             0.5000000000000001 : 7
Rollicking:                          0.5000000000000001 : 7
Picnic:                              0.5000000000000001 : 7
Amiable/Good-Natured:                0.29999999999999993 : 6
Celebratory:                         0.29999999999999993 : 6
Rowdy:                               0.29999999999999993 : 6
Street-Smart:                        0.29999999999999993 : 6
Pool Party:                          0.29999999999999993 : 6
Motivation:                          0.1 : 5
