DJ/Toasting:                         0.9 : 8
Summery:                             0.9 : 8
Boisterous:                          0.5000000000000002 : 7
Celebratory:                         0.5000000000000002 : 7
Confident:                           0.5000000000000002 : 7
Amiable/Good-Natured:                0.1 : 6
Carefree:                            0.1 : 6
Exuberant:                           0.1 : 6
Freewheeling:                        0.1 : 6
