Romantic:                            0.9 : 9
Sentimental:                         0.9 : 9
Cast Recordings:                     0.7400000000000001 : 8
Show Tunes:                          0.7400000000000001 : 8
Vocal Pop:                           0.7400000000000001 : 8
Refined:                             0.7400000000000001 : 8
Theatrical:                          0.7400000000000001 : 8
In Love:                             0.7400000000000001 : 8
Standards:                           0.5800000000000001 : 7
Traditional Pop:                     0.5800000000000001 : 7
Amiable/Good-Natured:                0.5800000000000001 : 7
New Love:                            0.5800000000000001 : 7
Innocent:                            0.42000000000000004 : 6
Springlike:                          0.42000000000000004 : 6
Sweet:                               0.42000000000000004 : 6
Bright:                              0.26 : 5
Happy:                               0.26 : 5
Lively:                              0.26 : 5
Spring:                              0.26 : 5
Sunday Afternoon:                    0.26 : 5
Cheerful:                            0.1 : 4
