Bluegrass:                           0.9000000000000001 : 8
Contemporary Bluegrass:              0.9000000000000001 : 8
Nostalgic:                           0.9000000000000001 : 8
Poignant:                            0.6333333333333334 : 7
Sentimental:                         0.6333333333333334 : 7
Yearning:                            0.6333333333333334 : 7
Introspection:                       0.6333333333333334 : 7
Earnest:                             0.3666666666666668 : 6
Earthy:                              0.3666666666666668 : 6
Plaintive:                           0.3666666666666668 : 6
Reflective:                          0.3666666666666668 : 6
Searching:                           0.3666666666666668 : 6
Wistful:                             0.3666666666666668 : 6
Loss/Grief:                          0.3666666666666668 : 6
Traditional Country:                 0.1 : 5
