Romantic:                            0.9 : 9
Sentimental:                         0.9 : 9
Yearning:                            0.9 : 9
Vocal Pop:                           0.7666666666666666 : 8
Refined:                             0.7666666666666666 : 8
Theatrical:                          0.7666666666666666 : 8
In Love:                             0.7666666666666666 : 8
Standards:                           0.6333333333333332 : 7
Traditional Pop:                     0.6333333333333332 : 7
Lush:                                0.6333333333333332 : 7
Dinner Ambiance:                     0.6333333333333332 : 7
Dramatic:                            0.4999999999999999 : 6
Elegant:                             0.4999999999999999 : 6
Poignant:                            0.4999999999999999 : 6
Sophisticated:                       0.4999999999999999 : 6
Romantic Evening:                    0.4999999999999999 : 6
Bittersweet:                         0.3666666666666667 : 5
Breakup:                             0.3666666666666667 : 5
Heartache:                           0.3666666666666667 : 5
Sensual:                             0.1 : 3
