Traditional Folk:                    0.9000000000000001 : 9
Gritty:                              0.9000000000000001 : 9
Empowering:                          0.9000000000000001 : 9
Revolutionary:                       0.9000000000000001 : 9
The Great Outdoors:                  0.9000000000000001 : 9
Political Folk:                      0.7000000000000001 : 8
Earthy:                              0.7000000000000001 : 8
Pastoral:                            0.7000000000000001 : 8
Poignant:                            0.7000000000000001 : 8
Reverent:                            0.7000000000000001 : 8
Rustic:                              0.7000000000000001 : 8
Relaxation:                          0.7000000000000001 : 8
Folksongs:                           0.5000000000000001 : 7
Atmospheric:                         0.5000000000000001 : 7
Confident:                           0.5000000000000001 : 7
Freewheeling:                        0.5000000000000001 : 7
Gentle:                              0.5000000000000001 : 7
Intimate:                            0.5000000000000001 : 7
Plaintive:                           0.5000000000000001 : 7
Soothing:                            0.5000000000000001 : 7
Sparse:                              0.5000000000000001 : 7
Comfort:                             0.5000000000000001 : 7
Early Morning:                       0.5000000000000001 : 7
Rainy Day:                           0.5000000000000001 : 7
Road Trip:                           0.5000000000000001 : 7
Sunday Afternoon:                    0.5000000000000001 : 7
Amiable/Good-Natured:                0.29999999999999993 : 6
Brittle:                             0.29999999999999993 : 6
Carefree:                            0.29999999999999993 : 6
Organic:                             0.29999999999999993 : 6
Freedom:                             0.29999999999999993 : 6
Reflection:                          0.29999999999999993 : 6
Austere:                             0.1 : 5
Autumnal:                            0.1 : 5
Earnest:                             0.1 : 5
Somber:                              0.1 : 5
Autumn:                              0.1 : 5
Feeling Blue:                        0.1 : 5
Hanging Out:                         0.1 : 5
Late Night:                          0.1 : 5
Small Gathering:                     0.1 : 5
