Dancehall:                           0.9 : 8
Ragga:                               0.9 : 8
Lively:                              0.9 : 8
Boisterous:                          0.6333333333333335 : 7
Rousing:                             0.6333333333333335 : 7
Slick:                               0.6333333333333335 : 7
Swaggering:                          0.6333333333333335 : 7
Energetic:                           0.3666666666666667 : 6
Fun:                                 0.3666666666666667 : 6
Playful_mood:                        0.3666666666666667 : 6
Hypnotic:                            0.1 : 5
Stylish:                             0.1 : 5
