Observational Humor:                 0.9000000000000001 : 9
Standup Comedy:                      0.9000000000000001 : 9
Fun:                                 0.9000000000000001 : 9
Humorous:                            0.9000000000000001 : 9
Playful_mood:                        0.9000000000000001 : 9
Hanging Out:                         0.9000000000000001 : 9
Comedy:                              0.7400000000000001 : 8
Spoken Comedy:                       0.7400000000000001 : 8
Wry:                                 0.58 : 7
Small Gathering:                     0.58 : 7
Brash:                               0.42000000000000004 : 6
Light:                               0.26 : 5
Earnest:                             0.1 : 4
