Ambient House:                       0.9000000000000001 : 9
Dreamy:                              0.9000000000000001 : 9
Hypnotic:                            0.9000000000000001 : 9
Relaxed:                             0.9000000000000001 : 9
Late Night:                          0.9000000000000001 : 9
Reflection:                          0.9000000000000001 : 9
Solitude:                            0.9000000000000001 : 9
Ambient Dub:                         0.7000000000000001 : 8
Dub:                                 0.7000000000000001 : 8
Atmospheric:                         0.7000000000000001 : 8
Calm/Peaceful:                       0.7000000000000001 : 8
Laid-Back/Mellow:                    0.7000000000000001 : 8
Playful_mood:                        0.7000000000000001 : 8
Soothing:                            0.7000000000000001 : 8
Spacey:                              0.7000000000000001 : 8
Trippy:                              0.7000000000000001 : 8
Ambient Techno:                      0.5000000000000001 : 7
Techno:                              0.5000000000000001 : 7
Circular:                            0.5000000000000001 : 7
Druggy:                              0.5000000000000001 : 7
Ethereal:                            0.5000000000000001 : 7
Meandering:                          0.5000000000000001 : 7
Nocturnal:                           0.5000000000000001 : 7
Smooth:                              0.5000000000000001 : 7
The Creative Side:                   0.5000000000000001 : 7
Winter:                              0.5000000000000001 : 7
Electronica:                         0.29999999999999993 : 6
IDM:                                 0.29999999999999993 : 6
Cerebral:                            0.29999999999999993 : 6
Clinical:                            0.29999999999999993 : 6
Cold:                                0.29999999999999993 : 6
Eerie:                               0.29999999999999993 : 6
Ominous:                             0.29999999999999993 : 6
Reflective:                          0.29999999999999993 : 6
Sprawling:                           0.29999999999999993 : 6
Hanging Out:                         0.29999999999999993 : 6
Amiable/Good-Natured:                0.1 : 5
Brittle:                             0.1 : 5
Delicate:                            0.1 : 5
Detached:                            0.1 : 5
Gentle:                              0.1 : 5
