Club/Dance:                          0.9000000000000001 : 9
Dance-Pop:                           0.9000000000000001 : 9
Celebratory:                         0.9000000000000001 : 9
Fun:                                 0.9000000000000001 : 9
Nocturnal:                           0.9000000000000001 : 9
Playful_mood:                        0.9000000000000001 : 9
Sensual:                             0.9000000000000001 : 9
Sexy:                                0.9000000000000001 : 9
Stylish:                             0.9000000000000001 : 9
Partying:                            0.9000000000000001 : 9
Sex:                                 0.9000000000000001 : 9
Contemporary Pop/Rock:               0.7 : 8
Freewheeling:                        0.7 : 8
Energetic:                           0.5000000000000001 : 7
Teen Pop:                            0.1 : 5
Brassy:                              0.1 : 5
Exuberant:                           0.1 : 5
Rousing:                             0.1 : 5
Club:                                0.1 : 5
Girls Night Out:                     0.1 : 5
Guys Night Out:                      0.1 : 5
