Modern Composition:                  0.9 : 8
Structured Improvisation:            0.9 : 8
Cerebral:                            0.9 : 8
Complex:                             0.9 : 8
Reflective:                          0.9 : 8
Reserved:                            0.9 : 8
Restrained:                          0.9 : 8
Reflection:                          0.9 : 8
Solitude:                            0.9 : 8
Autumnal:                            0.7000000000000002 : 7
Meandering:                          0.7000000000000002 : 7
Ominous:                             0.7000000000000002 : 7
Plaintive:                           0.7000000000000002 : 7
Refined:                             0.7000000000000002 : 7
Somber:                              0.7000000000000002 : 7
Late Night:                          0.7000000000000002 : 7
Cold:                                0.5000000000000001 : 6
Difficult:                           0.5000000000000001 : 6
Knotty:                              0.5000000000000001 : 6
Lush:                                0.5000000000000001 : 6
Sparse:                              0.5000000000000001 : 6
Detached:                            0.1 : 4
Insular:                             0.1 : 4
Sprawling:                           0.1 : 4
