Ska:                                 0.9 : 8
Exuberant:                           0.9 : 8
Fun:                                 0.9 : 8
Happy:                               0.9 : 8
Organic:                             0.9 : 8
Soothing:                            0.9 : 8
Summery:                             0.9 : 8
Summer:                              0.9 : 8
Amiable/Good-Natured:                0.6333333333333334 : 7
Druggy:                              0.6333333333333334 : 7
Earnest:                             0.6333333333333334 : 7
Hypnotic:                            0.6333333333333334 : 7
Joyous:                              0.6333333333333334 : 7
Light:                               0.6333333333333334 : 7
Playful_mood:                        0.6333333333333334 : 7
Rousing:                             0.6333333333333334 : 7
Sweet:                               0.6333333333333334 : 7
Warm:                                0.6333333333333334 : 7
At the Beach:                        0.6333333333333334 : 7
Pool Party:                          0.6333333333333334 : 7
Road Trip:                           0.6333333333333334 : 7
Vacation:                            0.6333333333333334 : 7
Cheerful:                            0.3666666666666667 : 6
Earthy:                              0.3666666666666667 : 6
Lively:                              0.3666666666666667 : 6
Sugary:                              0.3666666666666667 : 6
Rocksteady:                          0.1 : 5
