Big Band:                            0.9000000000000001 : 9
Amiable/Good-Natured:                0.9000000000000001 : 9
Elegant:                             0.9000000000000001 : 9
Affection/Fondness:                  0.9000000000000001 : 9
Celebration:                         0.9000000000000001 : 9
Day Driving:                         0.9000000000000001 : 9
Hanging Out:                         0.9000000000000001 : 9
Late Night:                          0.9000000000000001 : 9
Sunday Afternoon:                    0.9000000000000001 : 9
New York Blues:                      0.7400000000000001 : 8
Regional Blues:                      0.7400000000000001 : 8
Bright:                              0.7400000000000001 : 8
Lively:                              0.7400000000000001 : 8
Carefree:                            0.58 : 7
Joyous:                              0.58 : 7
Light:                               0.58 : 7
Swing:                               0.42000000000000004 : 6
Rollicking:                          0.42000000000000004 : 6
Slick:                               0.42000000000000004 : 6
Celebratory:                         0.26 : 5
Happy:                               0.26 : 5
Innocent:                            0.26 : 5
Refined:                             0.26 : 5
Smooth:                              0.1 : 4
Sophisticated:                       0.1 : 4
Stylish:                             0.1 : 4
