Rave:                                0.9 : 9
Techno:                              0.9 : 9
Fiery:                               0.9 : 9
Harsh:                               0.9 : 9
Tense/Anxious:                       0.9 : 9
Club:                                0.9 : 9
Mischievous:                         0.9 : 9
Partying:                            0.9 : 9
Playful:                             0.9 : 9
Club/Dance:                          0.6999999999999998 : 8
Funky Breaks:                        0.6999999999999998 : 8
Aggressive:                          0.6999999999999998 : 8
Dramatic:                            0.6999999999999998 : 8
Fierce:                              0.6999999999999998 : 8
Swaggering:                          0.6999999999999998 : 8
Urgent:                              0.6999999999999998 : 8
Cool & Cocky:                        0.6999999999999998 : 8
Malevolent:                          0.4999999999999999 : 7
Reckless:                            0.4999999999999999 : 7
Guys Night Out:                      0.4999999999999999 : 7
Brash:                               0.29999999999999993 : 6
Energetic:                           0.29999999999999993 : 6
Exciting:                            0.29999999999999993 : 6
Hostile:                             0.29999999999999993 : 6
Intense:                             0.29999999999999993 : 6
Menacing:                            0.29999999999999993 : 6
Raucous:                             0.29999999999999993 : 6
Rebellious:                          0.29999999999999993 : 6
Rowdy:                               0.29999999999999993 : 6
Volatile:                            0.29999999999999993 : 6
Paranoid:                            0.1 : 5
