Folk Revival:                        0.9 : 8
Political Folk:                      0.9 : 8
Traditional Folk:                    0.9 : 8
Dramatic:                            0.6333333333333331 : 7
Weary:                               0.6333333333333331 : 7
Loss/Grief:                          0.6333333333333331 : 7
Brooding:                            0.3666666666666667 : 6
Earthy:                              0.3666666666666667 : 6
Organic:                             0.3666666666666667 : 6
Somber:                              0.3666666666666667 : 6
Theatrical:                          0.3666666666666667 : 6
Earnest:                             0.1 : 5
Reminiscing:                         0.1 : 5
