Political Reggae:                    0.9 : 9
Roots Reggae:                        0.9 : 9
Hypnotic:                            0.7666666666666667 : 8
Refined:                             0.7666666666666667 : 8
Laid-Back/Mellow:                    0.6333333333333333 : 7
Relaxed:                             0.6333333333333333 : 7
Restrained:                          0.6333333333333333 : 7
Revolutionary:                       0.6333333333333333 : 7
Calm/Peaceful:                       0.4999999999999999 : 6
Rousing:                             0.4999999999999999 : 6
Freedom:                             0.4999999999999999 : 6
Dub:                                 0.3666666666666667 : 5
Angry:                               0.3666666666666667 : 5
Confident:                           0.3666666666666667 : 5
Earthy:                              0.3666666666666667 : 5
Soothing:                            0.3666666666666667 : 5
Spacey:                              0.3666666666666667 : 5
Sparse:                              0.3666666666666667 : 5
Summery:                             0.3666666666666667 : 5
Druggy:                              0.23333333333333336 : 4
Earnest:                             0.23333333333333336 : 4
Dreamy:                              0.1 : 3
