Folk Revival:                        0.9000000000000001 : 8
Political Folk:                      0.9000000000000001 : 8
Traditional Folk:                    0.9000000000000001 : 8
Brooding:                            0.6333333333333334 : 7
Reflection:                          0.6333333333333334 : 7
Bittersweet:                         0.3666666666666668 : 6
Confrontational:                     0.3666666666666668 : 6
Earnest:                             0.3666666666666668 : 6
Earthy:                              0.3666666666666668 : 6
Plaintive:                           0.3666666666666668 : 6
Poignant:                            0.3666666666666668 : 6
Weary:                               0.3666666666666668 : 6
Yearning:                            0.3666666666666668 : 6
Introspection:                       0.3666666666666668 : 6
Wistful:                             0.1 : 5
