Smooth Reggae:                       0.9 : 8
Lively:                              0.9 : 8
Empowering:                          0.9 : 8
Roots Reggae:                        0.7400000000000001 : 7
Bittersweet:                         0.7400000000000001 : 7
Cathartic:                           0.7400000000000001 : 7
Earthy:                              0.7400000000000001 : 7
Gentle:                              0.7400000000000001 : 7
Romantic:                            0.7400000000000001 : 7
Searching:                           0.7400000000000001 : 7
Feeling Blue:                        0.7400000000000001 : 7
Rainy Day:                           0.7400000000000001 : 7
Summer:                              0.7400000000000001 : 7
Lovers Rock:                         0.5800000000000001 : 6
Confident:                           0.5800000000000001 : 6
Hypnotic:                            0.5800000000000001 : 6
Summery:                             0.5800000000000001 : 6
Sweet:                               0.5800000000000001 : 6
Wistful:                             0.5800000000000001 : 6
Reggae-Pop:                          0.41999999999999993 : 5
Earnest:                             0.41999999999999993 : 5
Intimate:                            0.41999999999999993 : 5
Organic:                             0.41999999999999993 : 5
Plaintive:                           0.41999999999999993 : 5
Poignant:                            0.41999999999999993 : 5
Warm:                                0.41999999999999993 : 5
Yearning:                            0.41999999999999993 : 5
Affection/Fondness:                  0.41999999999999993 : 5
Affirmation:                         0.41999999999999993 : 5
Freedom:                             0.41999999999999993 : 5
Hanging Out:                         0.41999999999999993 : 5
Late Night:                          0.41999999999999993 : 5
Road Trip:                           0.41999999999999993 : 5
Sunday Afternoon:                    0.41999999999999993 : 5
Breakup:                             0.1 : 3
