Early R&B:                           0.9 : 9
Rock & Roll:                         0.9 : 9
Rousing:                             0.9 : 9
Partying:                            0.9 : 9
Playful_mood:                        0.74 : 8
Passionate:                          0.5800000000000001 : 7
Joyous:                              0.42000000000000004 : 6
Energetic:                           0.2600000000000001 : 5
Exciting:                            0.2600000000000001 : 5
Freewheeling:                        0.2600000000000001 : 5
Lively:                              0.2600000000000001 : 5
Raucous:                             0.2600000000000001 : 5
Hanging Out:                         0.2600000000000001 : 5
Late Night:                          0.2600000000000001 : 5
Playful:                             0.2600000000000001 : 5
Jazz Blues:                          0.1 : 4
Swaggering:                          0.1 : 4
TGIF:                                0.1 : 4
