Folk Revival:                        0.9 : 8
Folk-Pop:                            0.9 : 8
Rousing:                             0.9 : 8
Bittersweet:                         0.7000000000000001 : 7
Earnest:                             0.7000000000000001 : 7
Literate:                            0.7000000000000001 : 7
Melancholy:                          0.7000000000000001 : 7
Reflective:                          0.7000000000000001 : 7
Wistful:                             0.7000000000000001 : 7
Freedom:                             0.7000000000000001 : 7
Earthy:                              0.5000000000000001 : 6
Poignant:                            0.5000000000000001 : 6
Empowering:                          0.29999999999999993 : 5
Revolutionary:                       0.29999999999999993 : 5
Confrontational:                     0.1 : 4
