Hard Bop:                            0.9000000000000001 : 9
Mainstream Jazz:                     0.9000000000000001 : 9
Rollicking:                          0.9000000000000001 : 9
Literate:                            0.7000000000000001 : 8
Stylish:                             0.7000000000000001 : 8
Carefree:                            0.5000000000000001 : 7
Confident:                           0.5000000000000001 : 7
Earnest:                             0.5000000000000001 : 7
Earthy:                              0.5000000000000001 : 7
Exuberant:                           0.5000000000000001 : 7
Freewheeling:                        0.5000000000000001 : 7
Fun:                                 0.5000000000000001 : 7
Happy:                               0.5000000000000001 : 7
Lively:                              0.5000000000000001 : 7
Rousing:                             0.5000000000000001 : 7
Searching:                           0.5000000000000001 : 7
Smooth:                              0.5000000000000001 : 7
Stately:                             0.5000000000000001 : 7
Street-Smart:                        0.5000000000000001 : 7
Warm:                                0.5000000000000001 : 7
Witty:                               0.5000000000000001 : 7
Playful:                             0.5000000000000001 : 7
Sports:                              0.5000000000000001 : 7
The Creative Side:                   0.5000000000000001 : 7
The Great Outdoors:                  0.5000000000000001 : 7
Victory:                             0.5000000000000001 : 7
Energetic:                           0.29999999999999993 : 6
Playful_mood:                        0.29999999999999993 : 6
Summer:                              0.29999999999999993 : 6
Amiable/Good-Natured:                0.1 : 5
Elaborate:                           0.1 : 5
Refined:                             0.1 : 5
Sophisticated:                       0.1 : 5
Summery:                             0.1 : 5
Affirmation:                         0.1 : 5
Cool & Cocky:                        0.1 : 5
Guys Night Out:                      0.1 : 5
Hanging Out:                         0.1 : 5
Homecoming:                          0.1 : 5
Motivation:                          0.1 : 5
Reunion:                             0.1 : 5
