Sensual:                             0.9000000000000001 : 9
Yearning:                            0.9000000000000001 : 9
Contemporary R&B:                    0.7000000000000001 : 8
Neo-Soul:                            0.7000000000000001 : 8
Soul:                                0.7000000000000001 : 8
Urban:                               0.7000000000000001 : 8
Passionate:                          0.7000000000000001 : 8
Elaborate:                           0.4999999999999999 : 7
Lush:                                0.4999999999999999 : 7
Sexy:                                0.4999999999999999 : 7
Slick:                               0.4999999999999999 : 7
Seduction:                           0.4999999999999999 : 7
Dramatic:                            0.29999999999999993 : 6
Elegant:                             0.29999999999999993 : 6
Romantic:                            0.29999999999999993 : 6
Smooth:                              0.29999999999999993 : 6
Dreamy:                              0.1 : 5
Sentimental:                         0.1 : 5
Street-Smart:                        0.1 : 5
Warm:                                0.1 : 5
