Traditional Pop:                     0.9 : 8
Vocal Jazz:                          0.9 : 8
Delicate:                            0.9 : 8
Laid-Back/Mellow:                    0.9 : 8
Reserved:                            0.9 : 8
Torch Songs:                         0.6333333333333333 : 7
Vocal Pop:                           0.6333333333333333 : 7
Autumnal:                            0.6333333333333333 : 7
Intimate:                            0.6333333333333333 : 7
Refined:                             0.6333333333333333 : 7
Reflective:                          0.6333333333333333 : 7
Romantic:                            0.6333333333333333 : 7
Sensual:                             0.6333333333333333 : 7
Sexy:                                0.6333333333333333 : 7
Sophisticated:                       0.6333333333333333 : 7
Stylish:                             0.6333333333333333 : 7
Yearning:                            0.6333333333333333 : 7
Autumn:                              0.6333333333333333 : 7
In Love:                             0.6333333333333333 : 7
New Love:                            0.6333333333333333 : 7
Romantic Evening:                    0.6333333333333333 : 7
Seduction:                           0.6333333333333333 : 7
Nocturnal:                           0.3666666666666667 : 6
Restrained:                          0.3666666666666667 : 6
Sentimental:                         0.3666666666666667 : 6
Soft/Quiet:                          0.3666666666666667 : 6
Dinner Ambiance:                     0.3666666666666667 : 6
Late Night:                          0.3666666666666667 : 6
Sex:                                 0.3666666666666667 : 6
Slow Dance:                          0.3666666666666667 : 6
Smooth:                              0.1 : 5
